########################################
#  App version : demo
#  System Name : C6H_H2_Ap
#  Date : 19-Aug-2023 15:53:46
#  Euler Convension : ZXZ
########################################


Terms involved in the fitting M-D-I-H:: 

1 2 3 4 5 6 7 8
6 7 8
4 5 6 7 8
0 0

Zero : 
-144166.23229359

 !Molecule A : q, mz, Qz, Oz, Phiz, M5z, M6z, M7z  
   0.007186414279d0
 -0.002817288597d0  0.000000000000d0  0.00000000d0
  4.419317348620d0  0.000000000000d0  0.000000000000d0  0.000000000000d0  0.00000000d0
  1.434748393858d0  0.000000000000d0  0.000000000000d0  0.000000000000d0  0.000000000000d0  0.000000000000d0  0.00000000d0
-1868.168450504217d0  0.000000000000d0  0.000000000000d0  0.000000000000d0  0.000000000000d0  0.000000000000d0  0.000000000000d0  0.000000000000d0  0.00000000d0
-480.069351469761d0  0.000000000000d0  0.000000000000d0  0.000000000000d0  0.000000000000d0  0.000000000000d0  0.000000000000d0  0.000000000000d0  0.000000000000d0  0.000000000000d0  0.00000000d0
138831.794448367727d0  0.000000000000d0  0.000000000000d0  0.000000000000d0  0.000000000000d0  0.000000000000d0  0.000000000000d0  0.000000000000d0  0.000000000000d0  0.000000000000d0  0.000000000000d0  0.000000000000d0  0.00000000d0
  1.000000000000d0  0.000000000000d0  0.000000000000d0  0.000000000000d0  0.000000000000d0  0.000000000000d0  0.000000000000d0  0.000000000000d0  0.000000000000d0  0.000000000000d0  0.000000000000d0  0.000000000000d0  0.000000000000d0  0.000000000000d0  0.00000000d0

!Molecule B : q, mz, Qz, Oz, Phiz, M5z, M6z, M7z  
  -0.00718640d0
  0.000000000000d0  0.000000000000d0  0.00000000d0
  0.000000000000d0  0.000000000000d0  0.000000000000d0  0.000000000000d0  0.00000000d0
  0.000000000000d0  0.000000000000d0  0.000000000000d0  0.000000000000d0  0.000000000000d0  0.000000000000d0  0.00000000d0
  0.000000000000d0  0.000000000000d0  0.000000000000d0  0.000000000000d0  0.000000000000d0  0.000000000000d0  0.000000000000d0  0.000000000000d0  0.00000000d0
  0.000000000000d0  0.000000000000d0  0.000000000000d0  0.000000000000d0  0.000000000000d0  0.000000000000d0  0.000000000000d0  0.000000000000d0  0.000000000000d0  0.000000000000d0  0.00000000d0
  0.000000000000d0  0.000000000000d0  0.000000000000d0  0.000000000000d0  0.000000000000d0  0.000000000000d0  0.000000000000d0  0.000000000000d0  0.000000000000d0  0.000000000000d0  0.000000000000d0  0.000000000000d0  0.00000000d0
  0.000000000000d0  0.000000000000d0  0.000000000000d0  0.000000000000d0  0.000000000000d0  0.000000000000d0  0.000000000000d0  0.000000000000d0  0.000000000000d0  0.000000000000d0  0.000000000000d0  0.000000000000d0  0.000000000000d0  0.000000000000d0  0.00000000d0

!Polarizability A : dip-dip, dip-Quad, Quad-Quad, dip-Oct 
 -74966.632330643653d0  0.000000000000d0  0.000000000000d0-4915.170704699844d0  0.000000000000d0-4915.17070470d0
39546.901264674758d0  0.000000000000d0  0.000000000000d0  0.000000000000d0  0.000000000000d0  0.000000000000d016388.418707779874d0  0.000000000000d0  0.000000000000d0  0.000000000000d0  0.000000000000d0  0.000000000000d016388.418707779874d0  0.000000000000d0  0.00000000d0
-17.669831785070d0  0.000000000000d0  0.000000000000d0  0.000000000000d0  0.000000000000d0-6632586.791644847952d0  0.000000000000d0  0.000000000000d0  0.000000000000d0-6632586.791644847952d0  0.000000000000d0  0.000000000000d013225976.019060729071d0  0.000000000000d013225976.01906073d0
3394621.026237539016d0  0.000000000000d0  0.000000000000d0  0.000000000000d0  0.000000000000d0  0.000000000000d0  0.000000000000d0  0.000000000000d0147461.763471769576d0  0.000000000000d0  0.000000000000d0  0.000000000000d0  0.000000000000d0  0.000000000000d0  0.000000000000d0  0.000000000000d0147461.763471769576d0  0.000000000000d0  0.000000000000d0  0.000000000000d0  0.00000000d0

!Polarizability B : dip-dip, dip-Quad, Quad-Quad, dip-Oct 
 4919.760452561440d0  0.000000000000d0  0.000000000000d04919.760452561440d0  0.000000000000d04919.76045256d0
  0.000000000000d0  0.000000000000d0  0.000000000000d0  0.000000000000d0  0.000000000000d0  0.000000000000d0  0.000000000000d0  0.000000000000d0  0.000000000000d0  0.000000000000d0  0.000000000000d0  0.000000000000d0  0.000000000000d0  0.000000000000d0  0.00000000d0
3860556.230345388409d0  0.000000000000d0  0.000000000000d0  0.000000000000d0  0.000000000000d03860556.230345388409d0  0.000000000000d0  0.000000000000d0  0.000000000000d03860556.230345388409d0  0.000000000000d0  0.000000000000d03860556.230345388409d0  0.000000000000d03860556.23034539d0
  0.000000000000d0  0.000000000000d0  0.000000000000d0  0.000000000000d0  0.000000000000d0  0.000000000000d0  0.000000000000d0  0.000000000000d0  0.000000000000d0  0.000000000000d0  0.000000000000d0  0.000000000000d0  0.000000000000d0  0.000000000000d0  0.000000000000d0  0.000000000000d0  0.000000000000d0  0.000000000000d0  0.000000000000d0  0.000000000000d0  0.00000000d0

!Hyperpolarizability A : dip-dip-dip ,  dip-dip-Quad 
   0.000000000000d0  0.000000000000d0  0.000000000000d0  0.000000000000d0  0.000000000000d0  0.000000000000d0  0.000000000000d0  0.000000000000d0  0.000000000000d0  0.00000000d0
  0.000000000000d0  0.000000000000d0  0.000000000000d0  0.000000000000d0  0.000000000000d0  0.000000000000d0  0.000000000000d0  0.000000000000d0  0.000000000000d0  0.000000000000d0  0.000000000000d0  0.000000000000d0  0.000000000000d0  0.000000000000d0  0.000000000000d0  0.000000000000d0  0.000000000000d0  0.000000000000d0  0.000000000000d0  0.000000000000d0  0.000000000000d0  0.000000000000d0  0.000000000000d0  0.000000000000d0  0.000000000000d0  0.000000000000d0  0.000000000000d0  0.000000000000d0 -0.000000000000d0  0.00000000d0

!Hyperpolarizability B : dip-dip-dip ,  dip-dip-Quad 
   0.000000000000d0  0.000000000000d0  0.000000000000d0  0.000000000000d0  0.000000000000d0  0.000000000000d0  0.000000000000d0  0.000000000000d0  0.000000000000d0  0.00000000d0
  0.000000000000d0  0.000000000000d0  0.000000000000d0  0.000000000000d0  0.000000000000d0  0.000000000000d0  0.000000000000d0  0.000000000000d0  0.000000000000d0  0.000000000000d0  0.000000000000d0  0.000000000000d0  0.000000000000d0  0.000000000000d0  0.000000000000d0  0.000000000000d0  0.000000000000d0  0.000000000000d0  0.000000000000d0  0.000000000000d0  0.000000000000d0  0.000000000000d0  0.000000000000d0  0.000000000000d0  0.000000000000d0  0.000000000000d0  0.000000000000d0  0.000000000000d0  0.000000000000d0  0.00000000d0

!Dispersion A-B : dip-dip_dip-dip , dip-Quad_dip-dip , dip-dip_dip-Quad 
  17.997298406621d0  0.000000000000d0  0.000000000000d0 17.997298406621d0  0.000000000000d0 17.997298406621d0  0.000000000000d0  0.000000000000d0  0.000000000000d0  0.000000000000d0  0.000000000000d0  0.000000000000d0  0.000000000000d0  0.000000000000d0  0.000000000000d0  0.000000000000d0  0.000000000000d0  0.000000000000d0 31.742577252891d0  0.000000000000d0  0.000000000000d0 31.742577252891d0  0.000000000000d0 31.742577252891d0  0.000000000000d0  0.000000000000d0  0.000000000000d0  0.000000000000d0  0.000000000000d0  0.000000000000d0 31.742577252891d0  0.000000000000d0  0.000000000000d0 31.742577252891d0  0.000000000000d0 31.74257725d0
-182.637271266439d0  0.000000000000d0  0.000000000000d0-182.637271266439d0  0.000000000000d0-182.637271266439d0  0.000000000000d0  0.000000000000d0  0.000000000000d0  0.000000000000d0  0.000000000000d0  0.000000000000d0  0.000000000000d0  0.000000000000d0  0.000000000000d0  0.000000000000d0  0.000000000000d0  0.000000000000d0  0.000000000000d0  0.000000000000d0  0.000000000000d0  0.000000000000d0  0.000000000000d0  0.000000000000d0  0.000000000000d0  0.000000000000d0  0.000000000000d0  0.000000000000d0  0.000000000000d0  0.000000000000d0  0.000000000000d0  0.000000000000d0  0.000000000000d0  0.000000000000d0  0.000000000000d0  0.000000000000d0 64.807362761711d0  0.000000000000d0  0.000000000000d0 64.807362761711d0  0.000000000000d0 64.807362761711d0  0.000000000000d0  0.000000000000d0  0.000000000000d0  0.000000000000d0  0.000000000000d0  0.000000000000d0  0.000000000000d0  0.000000000000d0  0.000000000000d0  0.000000000000d0  0.000000000000d0  0.000000000000d0  0.000000000000d0  0.000000000000d0  0.000000000000d0  0.000000000000d0  0.000000000000d0  0.000000000000d0  0.000000000000d0  0.000000000000d0  0.000000000000d0  0.000000000000d0  0.000000000000d0  0.000000000000d0  0.000000000000d0  0.000000000000d0  0.000000000000d0  0.000000000000d0  0.000000000000d0  0.000000000000d0 64.807362761711d0  0.000000000000d0  0.000000000000d0 64.807362761711d0  0.000000000000d0 64.807362761711d0  0.000000000000d0  0.000000000000d0  0.000000000000d0  0.000000000000d0  0.000000000000d0  0.000000000000d0  0.000000000000d0  0.000000000000d0  0.000000000000d0  0.000000000000d0  0.000000000000d0  0.00000000d0
  0.000000000000d0  0.000000000000d0  0.000000000000d0  0.000000000000d0  0.000000000000d0  0.000000000000d0  0.000000000000d0  0.000000000000d0  0.000000000000d0  0.000000000000d0  0.000000000000d0  0.000000000000d0  0.000000000000d0  0.000000000000d0  0.000000000000d0  0.000000000000d0  0.000000000000d0  0.000000000000d0  0.000000000000d0  0.000000000000d0  0.000000000000d0  0.000000000000d0  0.000000000000d0  0.000000000000d0  0.000000000000d0  0.000000000000d0  0.000000000000d0  0.000000000000d0  0.000000000000d0  0.000000000000d0  0.000000000000d0  0.000000000000d0  0.000000000000d0  0.000000000000d0  0.000000000000d0  0.000000000000d0  0.000000000000d0  0.000000000000d0  0.000000000000d0  0.000000000000d0  0.000000000000d0  0.000000000000d0  0.000000000000d0  0.000000000000d0  0.000000000000d0  0.000000000000d0  0.000000000000d0  0.000000000000d0  0.000000000000d0  0.000000000000d0  0.000000000000d0  0.000000000000d0  0.000000000000d0  0.000000000000d0  0.000000000000d0  0.000000000000d0  0.000000000000d0  0.000000000000d0  0.000000000000d0  0.000000000000d0  0.000000000000d0  0.000000000000d0  0.000000000000d0  0.000000000000d0  0.000000000000d0  0.000000000000d0  0.000000000000d0  0.000000000000d0  0.000000000000d0  0.000000000000d0  0.000000000000d0  0.000000000000d0  0.000000000000d0  0.000000000000d0  0.000000000000d0  0.000000000000d0  0.000000000000d0  0.000000000000d0  0.000000000000d0  0.000000000000d0  0.000000000000d0  0.000000000000d0  0.000000000000d0  0.000000000000d0  0.000000000000d0  0.000000000000d0  0.000000000000d0  0.000000000000d0  0.000000000000d0  0.00000000d0
-16714.874998698160d0  0.000000000000d0  0.000000000000d0-16714.874998698160d0  0.000000000000d0-16714.874998698160d0  0.000000000000d0  0.000000000000d0  0.000000000000d0  0.000000000000d0  0.000000000000d0  0.000000000000d0  0.000000000000d0  0.000000000000d0  0.000000000000d0  0.000000000000d0  0.000000000000d0  0.000000000000d0  0.000000000000d0  0.000000000000d0  0.000000000000d0  0.000000000000d0  0.000000000000d0  0.000000000000d0  0.000000000000d0  0.000000000000d0  0.000000000000d0  0.000000000000d0  0.000000000000d0  0.000000000000d0  0.000000000000d0  0.000000000000d0  0.000000000000d0  0.000000000000d0  0.000000000000d0  0.000000000000d0  0.000000000000d0  0.000000000000d0  0.000000000000d0  0.000000000000d0  0.000000000000d0  0.000000000000d0  0.000000000000d0  0.000000000000d0  0.000000000000d0  0.000000000000d0  0.000000000000d0  0.000000000000d0-66451.187444189185d0  0.000000000000d0  0.000000000000d0-66451.187444189185d0  0.000000000000d0-66451.187444189185d0  0.000000000000d0  0.000000000000d0  0.000000000000d0  0.000000000000d0  0.000000000000d0  0.000000000000d0  0.000000000000d0  0.000000000000d0  0.000000000000d0  0.000000000000d0  0.000000000000d0  0.000000000000d0  0.000000000000d0  0.000000000000d0  0.000000000000d0  0.000000000000d0  0.000000000000d0  0.000000000000d0  0.000000000000d0  0.000000000000d0  0.000000000000d0  0.000000000000d0  0.000000000000d0  0.000000000000d0  0.000000000000d0  0.000000000000d0  0.000000000000d0  0.000000000000d0  0.000000000000d0  0.000000000000d0  0.000000000000d0  0.000000000000d0  0.000000000000d0  0.000000000000d0  0.000000000000d0  0.000000000000d0  0.000000000000d0  0.000000000000d0  0.000000000000d0  0.000000000000d0  0.000000000000d0  0.000000000000d0-66451.187444189185d0  0.000000000000d0  0.000000000000d0-66451.187444189185d0  0.000000000000d0-66451.187444189185d0  0.000000000000d0  0.000000000000d0  0.000000000000d0  0.000000000000d0  0.000000000000d0  0.000000000000d0  0.000000000000d0  0.000000000000d0  0.000000000000d0  0.000000000000d0  0.000000000000d0  0.000000000000d0  0.000000000000d0  0.000000000000d0  0.000000000000d0  0.000000000000d0  0.000000000000d0  0.000000000000d0  0.000000000000d0  0.000000000000d0  0.000000000000d0  0.000000000000d0  0.000000000000d0  0.00000000d0
  0.000000000000d0  0.000000000000d0  0.000000000000d0  0.000000000000d0  0.000000000000d0  0.000000000000d0  0.000000000000d0  0.000000000000d0  0.000000000000d0  0.000000000000d0  0.000000000000d0  0.000000000000d0  0.000000000000d0  0.000000000000d0  0.000000000000d0  0.000000000000d0  0.000000000000d0  0.000000000000d0  0.000000000000d0  0.000000000000d0  0.000000000000d0  0.000000000000d0  0.000000000000d0  0.000000000000d0  0.000000000000d0  0.000000000000d0  0.000000000000d0  0.000000000000d0  0.000000000000d0  0.000000000000d0  0.000000000000d0  0.000000000000d0  0.000000000000d0  0.000000000000d0  0.000000000000d0  0.000000000000d0  0.000000000000d0  0.000000000000d0  0.000000000000d0  0.000000000000d0  0.000000000000d0  0.000000000000d0  0.000000000000d0  0.000000000000d0  0.000000000000d0  0.000000000000d0  0.000000000000d0  0.000000000000d0  0.000000000000d0  0.000000000000d0  0.000000000000d0  0.000000000000d0  0.000000000000d0  0.000000000000d0  0.000000000000d0  0.000000000000d0  0.000000000000d0  0.000000000000d0  0.000000000000d0  0.000000000000d0  0.000000000000d0  0.000000000000d0  0.000000000000d0  0.000000000000d0  0.000000000000d0  0.000000000000d0  0.000000000000d0  0.000000000000d0  0.000000000000d0  0.000000000000d0  0.000000000000d0  0.000000000000d0  0.000000000000d0  0.000000000000d0  0.000000000000d0  0.000000000000d0  0.000000000000d0  0.000000000000d0  0.000000000000d0  0.000000000000d0  0.000000000000d0  0.000000000000d0  0.000000000000d0  0.000000000000d0  0.000000000000d0  0.000000000000d0  0.000000000000d0  0.000000000000d0  0.000000000000d0  0.000000000000d0  0.000000000000d0  0.000000000000d0  0.000000000000d0  0.000000000000d0  0.000000000000d0  0.000000000000d0  0.000000000000d0  0.000000000000d0  0.000000000000d0  0.000000000000d0  0.000000000000d0  0.000000000000d0  0.000000000000d0  0.000000000000d0  0.000000000000d0  0.000000000000d0  0.000000000000d0  0.000000000000d0  0.000000000000d0  0.000000000000d0  0.000000000000d0  0.000000000000d0  0.000000000000d0  0.000000000000d0  0.000000000000d0  0.000000000000d0  0.000000000000d0  0.000000000000d0  0.000000000000d0  0.000000000000d0  0.000000000000d0  0.000000000000d0  0.000000000000d0  0.000000000000d0  0.000000000000d0  0.00000000d0
2576.186397147882d0  0.000000000000d0  0.000000000000d02576.186397147882d0  0.000000000000d02576.186397147882d0  0.000000000000d0  0.000000000000d0  0.000000000000d0  0.000000000000d0  0.000000000000d0  0.000000000000d0  0.000000000000d0  0.000000000000d0  0.000000000000d0  0.000000000000d0  0.000000000000d0  0.000000000000d0  0.000000000000d0  0.000000000000d0  0.000000000000d0  0.000000000000d0  0.000000000000d0  0.000000000000d0  0.000000000000d0  0.000000000000d0  0.000000000000d0  0.000000000000d0  0.000000000000d0  0.000000000000d0-15643.986801848618d0  0.000000000000d0  0.000000000000d0-15643.986801848618d0  0.000000000000d0-15643.986801848618d0  0.000000000000d0  0.000000000000d0  0.000000000000d0  0.000000000000d0  0.000000000000d0  0.000000000000d0  0.000000000000d0  0.000000000000d0  0.000000000000d0  0.000000000000d0  0.000000000000d0  0.000000000000d0  0.000000000000d0  0.000000000000d0  0.000000000000d0  0.000000000000d0  0.000000000000d0  0.000000000000d0-15643.986801848618d0  0.000000000000d0  0.000000000000d0-15643.986801848618d0  0.000000000000d0-15643.986801848618d0  0.000000000000d0  0.000000000000d0  0.000000000000d0  0.000000000000d0  0.000000000000d0  0.000000000000d0  0.000000000000d0  0.000000000000d0  0.000000000000d0  0.000000000000d0  0.000000000000d0  0.000000000000d09618.436502313398d0  0.000000000000d0  0.000000000000d09618.436502313398d0  0.000000000000d09618.436502313398d0  0.000000000000d0  0.000000000000d0  0.000000000000d0  0.000000000000d0  0.000000000000d0  0.000000000000d09618.436502313398d0  0.000000000000d0  0.000000000000d09618.436502313398d0  0.000000000000d09618.43650231d0
-14068.941011461251d0  0.000000000000d0  0.000000000000d0-2809.611852931965d0  0.000000000000d0-2809.611852931965d0  0.000000000000d0  0.000000000000d0  0.000000000000d0  0.000000000000d0  0.000000000000d0  0.000000000000d0  0.000000000000d0  0.000000000000d0  0.000000000000d0  0.000000000000d0  0.000000000000d0  0.000000000000d0  0.000000000000d0  0.000000000000d0  0.000000000000d0  0.000000000000d0  0.000000000000d0  0.000000000000d0  0.000000000000d0  0.000000000000d0  0.000000000000d0  0.000000000000d0  0.000000000000d0  0.000000000000d0-14068.941011461251d0  0.000000000000d0  0.000000000000d0-2809.611852931965d0  0.000000000000d0-2809.611852931965d0  0.000000000000d0  0.000000000000d0  0.000000000000d0  0.000000000000d0  0.000000000000d0  0.000000000000d0  0.000000000000d0  0.000000000000d0  0.000000000000d0  0.000000000000d0  0.000000000000d0  0.000000000000d0  0.000000000000d0  0.000000000000d0  0.000000000000d0  0.000000000000d0  0.000000000000d0  0.000000000000d0-14068.941011461251d0  0.000000000000d0  0.000000000000d0-2809.611852931965d0  0.000000000000d0-2809.611852931965d0  0.000000000000d0  0.000000000000d0  0.000000000000d0  0.000000000000d0  0.000000000000d0  0.000000000000d0  0.000000000000d0  0.000000000000d0  0.000000000000d0  0.000000000000d0  0.000000000000d0  0.000000000000d0-14068.941011461251d0  0.000000000000d0  0.000000000000d0-2809.611852931965d0  0.000000000000d0-2809.611852931965d0  0.000000000000d0  0.000000000000d0  0.000000000000d0  0.000000000000d0  0.000000000000d0  0.000000000000d0-14068.941011461251d0  0.000000000000d0  0.000000000000d0-2809.611852931965d0  0.000000000000d0-2809.61185293d0
  0.000000000000d0  0.000000000000d0  0.000000000000d0  0.000000000000d0  0.000000000000d0  0.000000000000d0  0.000000000000d0  0.000000000000d0  0.000000000000d0  0.000000000000d0  0.000000000000d0  0.000000000000d0  0.000000000000d0  0.000000000000d0  0.000000000000d0  0.000000000000d0  0.000000000000d0  0.000000000000d0  0.000000000000d0  0.000000000000d0  0.000000000000d0  0.000000000000d0  0.000000000000d0  0.000000000000d0  0.000000000000d0  0.000000000000d0  0.000000000000d0  0.000000000000d0  0.000000000000d0  0.000000000000d0  0.000000000000d0  0.000000000000d0  0.000000000000d0  0.000000000000d0  0.000000000000d0  0.000000000000d0  0.000000000000d0  0.000000000000d0  0.000000000000d0  0.000000000000d0  0.000000000000d0  0.000000000000d0  0.000000000000d0  0.000000000000d0  0.000000000000d0  0.000000000000d0  0.000000000000d0  0.000000000000d0  0.000000000000d0  0.000000000000d0  0.000000000000d0  0.000000000000d0  0.000000000000d0  0.000000000000d0  0.000000000000d0  0.000000000000d0  0.000000000000d0  0.000000000000d0  0.000000000000d0  0.000000000000d0  0.000000000000d0  0.000000000000d0  0.000000000000d0  0.000000000000d0  0.000000000000d0  0.000000000000d0  0.000000000000d0  0.000000000000d0  0.000000000000d0  0.000000000000d0  0.000000000000d0  0.000000000000d0  0.000000000000d0  0.000000000000d0  0.000000000000d0  0.000000000000d0  0.000000000000d0  0.000000000000d0  0.000000000000d0  0.000000000000d0  0.000000000000d0  0.000000000000d0  0.000000000000d0  0.000000000000d0  0.000000000000d0  0.000000000000d0  0.000000000000d0  0.000000000000d0  0.000000000000d0  0.000000000000d0  0.000000000000d0  0.000000000000d0  0.000000000000d0  0.000000000000d0  0.000000000000d0  0.000000000000d0  0.000000000000d0  0.000000000000d0  0.000000000000d0  0.000000000000d0  0.000000000000d0  0.000000000000d0  0.000000000000d0  0.000000000000d0  0.000000000000d0  0.000000000000d0  0.000000000000d0  0.000000000000d0  0.000000000000d0  0.000000000000d0  0.000000000000d0  0.000000000000d0  0.000000000000d0  0.000000000000d0  0.000000000000d0  0.000000000000d0  0.000000000000d0  0.000000000000d0  0.000000000000d0  0.000000000000d0  0.000000000000d0  0.000000000000d0  0.000000000000d0  0.000000000000d0  0.000000000000d0  0.000000000000d0  0.000000000000d0  0.000000000000d0  0.000000000000d0  0.000000000000d0  0.000000000000d0  0.000000000000d0  0.000000000000d0  0.000000000000d0  0.000000000000d0  0.000000000000d0  0.000000000000d0  0.000000000000d0  0.000000000000d0  0.000000000000d0  0.000000000000d0  0.000000000000d0  0.000000000000d0  0.000000000000d0  0.000000000000d0  0.000000000000d0  0.000000000000d0  0.000000000000d0  0.000000000000d0  0.000000000000d0  0.000000000000d0  0.000000000000d0  0.000000000000d0  0.000000000000d0  0.000000000000d0  0.000000000000d0  0.000000000000d0  0.000000000000d0  0.000000000000d0  0.000000000000d0  0.000000000000d0  0.000000000000d0  0.000000000000d0  0.000000000000d0  0.000000000000d0  0.000000000000d0  0.000000000000d0  0.000000000000d0  0.000000000000d0  0.000000000000d0  0.000000000000d0  0.000000000000d0  0.000000000000d0  0.000000000000d0  0.000000000000d0  0.000000000000d0  0.000000000000d0  0.000000000000d0  0.000000000000d0  0.000000000000d0  0.000000000000d0  0.000000000000d0  0.000000000000d0  0.000000000000d0  0.000000000000d0  0.000000000000d0  0.000000000000d0  0.000000000000d0  0.000000000000d0  0.000000000000d0  0.000000000000d0  0.000000000000d0  0.000000000000d0  0.000000000000d0  0.000000000000d0  0.000000000000d0  0.000000000000d0  0.000000000000d0  0.000000000000d0  0.000000000000d0  0.000000000000d0  0.000000000000d0  0.000000000000d0  0.000000000000d0  0.000000000000d0  0.000000000000d0  0.000000000000d0  0.000000000000d0  0.000000000000d0  0.000000000000d0  0.000000000000d0  0.000000000000d0  0.000000000000d0  0.000000000000d0  0.000000000000d0  0.000000000000d0  0.000000000000d0  0.000000000000d0  0.000000000000d0  0.000000000000d0  0.000000000000d0  0.000000000000d0  0.000000000000d0  0.000000000000d0  0.00000000d0
