########################################
#  App version : demo
#  System Name : C6_H_H2
#  Date : 26-Aug-2023 16:51:16
#  Euler Convension : ZXZ
########################################


Terms involved in the fitting M-D-I-H:: 

0 0 0 0 0 0 0 0
6 7 8
0 0 6 7 8
0 0

Zero : 
     -144166.232997702667d0

 !Molecule A : q, mz, Qz, Oz, Phiz, M5z, M6z, M7z  
           -0.000000046633d0
           4.217950057600d0           0.000000000000d0           0.000000000000d0
         -21.337348078020d0           0.000000000000d0           0.000000000000d0           0.000000000000d0           0.000000000000d0
         240.317155406901d0           0.000000000000d0           0.000000000000d0           0.000000000000d0           0.000000000000d0           0.000000000000d0           0.000000000000d0
           1.000000000000d0           0.000000000000d0           0.000000000000d0           0.000000000000d0           0.000000000000d0           0.000000000000d0           0.000000000000d0           0.000000000000d0           0.000000000000d0
           1.000000000000d0           0.000000000000d0           0.000000000000d0           0.000000000000d0           0.000000000000d0           0.000000000000d0           0.000000000000d0           0.000000000000d0           0.000000000000d0           0.000000000000d0           0.000000000000d0
           1.000000000000d0           0.000000000000d0           0.000000000000d0           0.000000000000d0           0.000000000000d0           0.000000000000d0           0.000000000000d0           0.000000000000d0           0.000000000000d0           0.000000000000d0           0.000000000000d0           0.000000000000d0           0.000000000000d0
           1.000000000000d0           0.000000000000d0           0.000000000000d0           0.000000000000d0           0.000000000000d0           0.000000000000d0           0.000000000000d0           0.000000000000d0           0.000000000000d0           0.000000000000d0           0.000000000000d0           0.000000000000d0           0.000000000000d0           0.000000000000d0           0.000000000000d0

!Molecule B : q, mz, Qz, Oz, Phiz, M5z, M6z, M7z  
            0.000000046633d0
           0.000000000000d0           0.000000000000d0           0.000000000000d0
           0.000000000000d0           0.000000000000d0           0.000000000000d0           0.000000000000d0           0.000000000000d0
           0.000000000000d0           0.000000000000d0           0.000000000000d0           0.000000000000d0           0.000000000000d0           0.000000000000d0           0.000000000000d0
           0.000000000000d0           0.000000000000d0           0.000000000000d0           0.000000000000d0           0.000000000000d0           0.000000000000d0           0.000000000000d0           0.000000000000d0           0.000000000000d0
           0.000000000000d0           0.000000000000d0           0.000000000000d0           0.000000000000d0           0.000000000000d0           0.000000000000d0           0.000000000000d0           0.000000000000d0           0.000000000000d0           0.000000000000d0           0.000000000000d0
           0.000000000000d0           0.000000000000d0           0.000000000000d0           0.000000000000d0           0.000000000000d0           0.000000000000d0           0.000000000000d0           0.000000000000d0           0.000000000000d0           0.000000000000d0           0.000000000000d0           0.000000000000d0           0.000000000000d0
           0.000000000000d0           0.000000000000d0           0.000000000000d0           0.000000000000d0           0.000000000000d0           0.000000000000d0           0.000000000000d0           0.000000000000d0           0.000000000000d0           0.000000000000d0           0.000000000000d0           0.000000000000d0           0.000000000000d0           0.000000000000d0           0.000000000000d0

!Polarizability A : dip-dip, dip-Quad, Quad-Quad, dip-Oct 
            1.000000000000d0           0.000000000000d0           0.000000000000d0           1.000000000000d0           0.000000000000d0           1.000000000000d0
           1.000000000000d0           0.000000000000d0           0.000000000000d0           0.000000000000d0           0.000000000000d0           0.000000000000d0           1.000000000000d0           0.000000000000d0           0.000000000000d0           0.000000000000d0           0.000000000000d0           0.000000000000d0           1.000000000000d0           0.000000000000d0           0.000000000000d0
           1.000000000000d0           0.000000000000d0           0.000000000000d0           0.000000000000d0           0.000000000000d0           1.000000000000d0           0.000000000000d0           0.000000000000d0           0.000000000000d0           1.000000000000d0           0.000000000000d0           0.000000000000d0           1.000000000000d0           0.000000000000d0           1.000000000000d0
           1.000000000000d0           0.000000000000d0           0.000000000000d0           0.000000000000d0           0.000000000000d0           0.000000000000d0           0.000000000000d0           0.000000000000d0           1.000000000000d0           0.000000000000d0           0.000000000000d0           0.000000000000d0           0.000000000000d0           0.000000000000d0           0.000000000000d0           0.000000000000d0           1.000000000000d0           0.000000000000d0           0.000000000000d0           0.000000000000d0           0.000000000000d0

!Polarizability B : dip-dip, dip-Quad, Quad-Quad, dip-Oct 
            4.266820044004d0           0.000000000000d0           0.000000000000d0           4.266820044004d0           0.000000000000d0           4.266820044004d0
           0.000000000000d0           0.000000000000d0           0.000000000000d0           0.000000000000d0           0.000000000000d0           0.000000000000d0           0.000000000000d0           0.000000000000d0           0.000000000000d0           0.000000000000d0           0.000000000000d0           0.000000000000d0           0.000000000000d0           0.000000000000d0           0.000000000000d0
        -342.436823327310d0           0.000000000000d0           0.000000000000d0           0.000000000000d0           0.000000000000d0        -342.436823327310d0           0.000000000000d0           0.000000000000d0           0.000000000000d0        -342.436823327310d0           0.000000000000d0           0.000000000000d0        -342.436823327310d0           0.000000000000d0        -342.436823327310d0
           0.000000000000d0           0.000000000000d0           0.000000000000d0           0.000000000000d0           0.000000000000d0           0.000000000000d0           0.000000000000d0           0.000000000000d0           0.000000000000d0           0.000000000000d0           0.000000000000d0           0.000000000000d0           0.000000000000d0           0.000000000000d0           0.000000000000d0           0.000000000000d0           0.000000000000d0           0.000000000000d0           0.000000000000d0           0.000000000000d0           0.000000000000d0

!Hyperpolarizability A : dip-dip-dip ,  dip-dip-Quad 
            0.000000000000d0           0.000000000000d0           0.000000000000d0           0.000000000000d0           0.000000000000d0           0.000000000000d0           0.000000000000d0           0.000000000000d0           0.000000000000d0           0.000000000000d0
           0.000000000000d0           0.000000000000d0           0.000000000000d0           0.000000000000d0           0.000000000000d0           0.000000000000d0           0.000000000000d0           0.000000000000d0           0.000000000000d0           0.000000000000d0           0.000000000000d0           0.000000000000d0           0.000000000000d0           0.000000000000d0           0.000000000000d0           0.000000000000d0           0.000000000000d0           0.000000000000d0           0.000000000000d0           0.000000000000d0           0.000000000000d0           0.000000000000d0           0.000000000000d0           0.000000000000d0           0.000000000000d0           0.000000000000d0           0.000000000000d0           0.000000000000d0          -0.000000000000d0           0.000000000000d0

!Hyperpolarizability B : dip-dip-dip ,  dip-dip-Quad 
            0.000000000000d0           0.000000000000d0           0.000000000000d0           0.000000000000d0           0.000000000000d0           0.000000000000d0           0.000000000000d0           0.000000000000d0           0.000000000000d0           0.000000000000d0
           0.000000000000d0           0.000000000000d0           0.000000000000d0           0.000000000000d0           0.000000000000d0           0.000000000000d0           0.000000000000d0           0.000000000000d0           0.000000000000d0           0.000000000000d0           0.000000000000d0           0.000000000000d0           0.000000000000d0           0.000000000000d0           0.000000000000d0           0.000000000000d0           0.000000000000d0           0.000000000000d0           0.000000000000d0           0.000000000000d0           0.000000000000d0           0.000000000000d0           0.000000000000d0           0.000000000000d0           0.000000000000d0           0.000000000000d0           0.000000000000d0           0.000000000000d0           0.000000000000d0           0.000000000000d0

!Dispersion A-B : dip-dip_dip-dip , dip-Quad_dip-dip , dip-dip_dip-Quad 
          -14.971086095132d0           0.000000000000d0           0.000000000000d0         -14.971086095132d0           0.000000000000d0         -14.971086095132d0           0.000000000000d0           0.000000000000d0           0.000000000000d0           0.000000000000d0           0.000000000000d0           0.000000000000d0           0.000000000000d0           0.000000000000d0           0.000000000000d0           0.000000000000d0           0.000000000000d0           0.000000000000d0          24.221868300487d0           0.000000000000d0           0.000000000000d0          24.221868300487d0           0.000000000000d0          24.221868300487d0           0.000000000000d0           0.000000000000d0           0.000000000000d0           0.000000000000d0           0.000000000000d0           0.000000000000d0          24.221868300487d0           0.000000000000d0           0.000000000000d0          24.221868300487d0           0.000000000000d0          24.221868300487d0
         246.015199945955d0           0.000000000000d0           0.000000000000d0         246.015199945955d0           0.000000000000d0         246.015199945955d0           0.000000000000d0           0.000000000000d0           0.000000000000d0           0.000000000000d0           0.000000000000d0           0.000000000000d0           0.000000000000d0           0.000000000000d0           0.000000000000d0           0.000000000000d0           0.000000000000d0           0.000000000000d0           0.000000000000d0           0.000000000000d0           0.000000000000d0           0.000000000000d0           0.000000000000d0           0.000000000000d0           0.000000000000d0           0.000000000000d0           0.000000000000d0           0.000000000000d0           0.000000000000d0           0.000000000000d0           0.000000000000d0           0.000000000000d0           0.000000000000d0           0.000000000000d0           0.000000000000d0           0.000000000000d0           9.041571263841d0           0.000000000000d0           0.000000000000d0           9.041571263841d0           0.000000000000d0           9.041571263841d0           0.000000000000d0           0.000000000000d0           0.000000000000d0           0.000000000000d0           0.000000000000d0           0.000000000000d0           0.000000000000d0           0.000000000000d0           0.000000000000d0           0.000000000000d0           0.000000000000d0           0.000000000000d0           0.000000000000d0           0.000000000000d0           0.000000000000d0           0.000000000000d0           0.000000000000d0           0.000000000000d0           0.000000000000d0           0.000000000000d0           0.000000000000d0           0.000000000000d0           0.000000000000d0           0.000000000000d0           0.000000000000d0           0.000000000000d0           0.000000000000d0           0.000000000000d0           0.000000000000d0           0.000000000000d0           9.041571263841d0           0.000000000000d0           0.000000000000d0           9.041571263841d0           0.000000000000d0           9.041571263841d0           0.000000000000d0           0.000000000000d0           0.000000000000d0           0.000000000000d0           0.000000000000d0           0.000000000000d0           0.000000000000d0           0.000000000000d0           0.000000000000d0           0.000000000000d0           0.000000000000d0           0.000000000000d0
           0.000000000000d0           0.000000000000d0           0.000000000000d0           0.000000000000d0           0.000000000000d0           0.000000000000d0           0.000000000000d0           0.000000000000d0           0.000000000000d0           0.000000000000d0           0.000000000000d0           0.000000000000d0           0.000000000000d0           0.000000000000d0           0.000000000000d0           0.000000000000d0           0.000000000000d0           0.000000000000d0           0.000000000000d0           0.000000000000d0           0.000000000000d0           0.000000000000d0           0.000000000000d0           0.000000000000d0           0.000000000000d0           0.000000000000d0           0.000000000000d0           0.000000000000d0           0.000000000000d0           0.000000000000d0           0.000000000000d0           0.000000000000d0           0.000000000000d0           0.000000000000d0           0.000000000000d0           0.000000000000d0           0.000000000000d0           0.000000000000d0           0.000000000000d0           0.000000000000d0           0.000000000000d0           0.000000000000d0           0.000000000000d0           0.000000000000d0           0.000000000000d0           0.000000000000d0           0.000000000000d0           0.000000000000d0           0.000000000000d0           0.000000000000d0           0.000000000000d0           0.000000000000d0           0.000000000000d0           0.000000000000d0           0.000000000000d0           0.000000000000d0           0.000000000000d0           0.000000000000d0           0.000000000000d0           0.000000000000d0           0.000000000000d0           0.000000000000d0           0.000000000000d0           0.000000000000d0           0.000000000000d0           0.000000000000d0           0.000000000000d0           0.000000000000d0           0.000000000000d0           0.000000000000d0           0.000000000000d0           0.000000000000d0           0.000000000000d0           0.000000000000d0           0.000000000000d0           0.000000000000d0           0.000000000000d0           0.000000000000d0           0.000000000000d0           0.000000000000d0           0.000000000000d0           0.000000000000d0           0.000000000000d0           0.000000000000d0           0.000000000000d0           0.000000000000d0           0.000000000000d0           0.000000000000d0           0.000000000000d0           0.000000000000d0
       19563.381052027293d0           0.000000000000d0           0.000000000000d0       19563.381052027293d0           0.000000000000d0       19563.381052027293d0           0.000000000000d0           0.000000000000d0           0.000000000000d0           0.000000000000d0           0.000000000000d0           0.000000000000d0           0.000000000000d0           0.000000000000d0           0.000000000000d0           0.000000000000d0           0.000000000000d0           0.000000000000d0           0.000000000000d0           0.000000000000d0           0.000000000000d0           0.000000000000d0           0.000000000000d0           0.000000000000d0           0.000000000000d0           0.000000000000d0           0.000000000000d0           0.000000000000d0           0.000000000000d0           0.000000000000d0           0.000000000000d0           0.000000000000d0           0.000000000000d0           0.000000000000d0           0.000000000000d0           0.000000000000d0           0.000000000000d0           0.000000000000d0           0.000000000000d0           0.000000000000d0           0.000000000000d0           0.000000000000d0           0.000000000000d0           0.000000000000d0           0.000000000000d0           0.000000000000d0           0.000000000000d0           0.000000000000d0        4995.266033554876d0           0.000000000000d0           0.000000000000d0        4995.266033554876d0           0.000000000000d0        4995.266033554876d0           0.000000000000d0           0.000000000000d0           0.000000000000d0           0.000000000000d0           0.000000000000d0           0.000000000000d0           0.000000000000d0           0.000000000000d0           0.000000000000d0           0.000000000000d0           0.000000000000d0           0.000000000000d0           0.000000000000d0           0.000000000000d0           0.000000000000d0           0.000000000000d0           0.000000000000d0           0.000000000000d0           0.000000000000d0           0.000000000000d0           0.000000000000d0           0.000000000000d0           0.000000000000d0           0.000000000000d0           0.000000000000d0           0.000000000000d0           0.000000000000d0           0.000000000000d0           0.000000000000d0           0.000000000000d0           0.000000000000d0           0.000000000000d0           0.000000000000d0           0.000000000000d0           0.000000000000d0           0.000000000000d0           0.000000000000d0           0.000000000000d0           0.000000000000d0           0.000000000000d0           0.000000000000d0           0.000000000000d0        4995.266033554876d0           0.000000000000d0           0.000000000000d0        4995.266033554876d0           0.000000000000d0        4995.266033554876d0           0.000000000000d0           0.000000000000d0           0.000000000000d0           0.000000000000d0           0.000000000000d0           0.000000000000d0           0.000000000000d0           0.000000000000d0           0.000000000000d0           0.000000000000d0           0.000000000000d0           0.000000000000d0           0.000000000000d0           0.000000000000d0           0.000000000000d0           0.000000000000d0           0.000000000000d0           0.000000000000d0           0.000000000000d0           0.000000000000d0           0.000000000000d0           0.000000000000d0           0.000000000000d0           0.000000000000d0
           0.000000000000d0           0.000000000000d0           0.000000000000d0           0.000000000000d0           0.000000000000d0           0.000000000000d0           0.000000000000d0           0.000000000000d0           0.000000000000d0           0.000000000000d0           0.000000000000d0           0.000000000000d0           0.000000000000d0           0.000000000000d0           0.000000000000d0           0.000000000000d0           0.000000000000d0           0.000000000000d0           0.000000000000d0           0.000000000000d0           0.000000000000d0           0.000000000000d0           0.000000000000d0           0.000000000000d0           0.000000000000d0           0.000000000000d0           0.000000000000d0           0.000000000000d0           0.000000000000d0           0.000000000000d0           0.000000000000d0           0.000000000000d0           0.000000000000d0           0.000000000000d0           0.000000000000d0           0.000000000000d0           0.000000000000d0           0.000000000000d0           0.000000000000d0           0.000000000000d0           0.000000000000d0           0.000000000000d0           0.000000000000d0           0.000000000000d0           0.000000000000d0           0.000000000000d0           0.000000000000d0           0.000000000000d0           0.000000000000d0           0.000000000000d0           0.000000000000d0           0.000000000000d0           0.000000000000d0           0.000000000000d0           0.000000000000d0           0.000000000000d0           0.000000000000d0           0.000000000000d0           0.000000000000d0           0.000000000000d0           0.000000000000d0           0.000000000000d0           0.000000000000d0           0.000000000000d0           0.000000000000d0           0.000000000000d0           0.000000000000d0           0.000000000000d0           0.000000000000d0           0.000000000000d0           0.000000000000d0           0.000000000000d0           0.000000000000d0           0.000000000000d0           0.000000000000d0           0.000000000000d0           0.000000000000d0           0.000000000000d0           0.000000000000d0           0.000000000000d0           0.000000000000d0           0.000000000000d0           0.000000000000d0           0.000000000000d0           0.000000000000d0           0.000000000000d0           0.000000000000d0           0.000000000000d0           0.000000000000d0           0.000000000000d0           0.000000000000d0           0.000000000000d0           0.000000000000d0           0.000000000000d0           0.000000000000d0           0.000000000000d0           0.000000000000d0           0.000000000000d0           0.000000000000d0           0.000000000000d0           0.000000000000d0           0.000000000000d0           0.000000000000d0           0.000000000000d0           0.000000000000d0           0.000000000000d0           0.000000000000d0           0.000000000000d0           0.000000000000d0           0.000000000000d0           0.000000000000d0           0.000000000000d0           0.000000000000d0           0.000000000000d0           0.000000000000d0           0.000000000000d0           0.000000000000d0           0.000000000000d0           0.000000000000d0           0.000000000000d0           0.000000000000d0           0.000000000000d0           0.000000000000d0           0.000000000000d0           0.000000000000d0           0.000000000000d0
        3924.875769664349d0           0.000000000000d0           0.000000000000d0        3924.875769664349d0           0.000000000000d0        3924.875769664349d0           0.000000000000d0           0.000000000000d0           0.000000000000d0           0.000000000000d0           0.000000000000d0           0.000000000000d0           0.000000000000d0           0.000000000000d0           0.000000000000d0           0.000000000000d0           0.000000000000d0           0.000000000000d0           0.000000000000d0           0.000000000000d0           0.000000000000d0           0.000000000000d0           0.000000000000d0           0.000000000000d0           0.000000000000d0           0.000000000000d0           0.000000000000d0           0.000000000000d0           0.000000000000d0           0.000000000000d0       -1933.513756627886d0           0.000000000000d0           0.000000000000d0       -1933.513756627886d0           0.000000000000d0       -1933.513756627886d0           0.000000000000d0           0.000000000000d0           0.000000000000d0           0.000000000000d0           0.000000000000d0           0.000000000000d0           0.000000000000d0           0.000000000000d0           0.000000000000d0           0.000000000000d0           0.000000000000d0           0.000000000000d0           0.000000000000d0           0.000000000000d0           0.000000000000d0           0.000000000000d0           0.000000000000d0           0.000000000000d0       -1933.513756627886d0           0.000000000000d0           0.000000000000d0       -1933.513756627886d0           0.000000000000d0       -1933.513756627886d0           0.000000000000d0           0.000000000000d0           0.000000000000d0           0.000000000000d0           0.000000000000d0           0.000000000000d0           0.000000000000d0           0.000000000000d0           0.000000000000d0           0.000000000000d0           0.000000000000d0           0.000000000000d0        4284.807614600950d0           0.000000000000d0           0.000000000000d0        4284.807614600950d0           0.000000000000d0        4284.807614600950d0           0.000000000000d0           0.000000000000d0           0.000000000000d0           0.000000000000d0           0.000000000000d0           0.000000000000d0        4284.807614600950d0           0.000000000000d0           0.000000000000d0        4284.807614600950d0           0.000000000000d0        4284.807614600950d0
        1329.745960110712d0           0.000000000000d0           0.000000000000d0        1598.259960350165d0           0.000000000000d0        1598.259960350165d0           0.000000000000d0           0.000000000000d0           0.000000000000d0           0.000000000000d0           0.000000000000d0           0.000000000000d0           0.000000000000d0           0.000000000000d0           0.000000000000d0           0.000000000000d0           0.000000000000d0           0.000000000000d0           0.000000000000d0           0.000000000000d0           0.000000000000d0           0.000000000000d0           0.000000000000d0           0.000000000000d0           0.000000000000d0           0.000000000000d0           0.000000000000d0           0.000000000000d0           0.000000000000d0           0.000000000000d0        1329.745960110712d0           0.000000000000d0           0.000000000000d0        1598.259960350165d0           0.000000000000d0        1598.259960350165d0           0.000000000000d0           0.000000000000d0           0.000000000000d0           0.000000000000d0           0.000000000000d0           0.000000000000d0           0.000000000000d0           0.000000000000d0           0.000000000000d0           0.000000000000d0           0.000000000000d0           0.000000000000d0           0.000000000000d0           0.000000000000d0           0.000000000000d0           0.000000000000d0           0.000000000000d0           0.000000000000d0        1329.745960110712d0           0.000000000000d0           0.000000000000d0        1598.259960350165d0           0.000000000000d0        1598.259960350165d0           0.000000000000d0           0.000000000000d0           0.000000000000d0           0.000000000000d0           0.000000000000d0           0.000000000000d0           0.000000000000d0           0.000000000000d0           0.000000000000d0           0.000000000000d0           0.000000000000d0           0.000000000000d0        1329.745960110712d0           0.000000000000d0           0.000000000000d0        1598.259960350165d0           0.000000000000d0        1598.259960350165d0           0.000000000000d0           0.000000000000d0           0.000000000000d0           0.000000000000d0           0.000000000000d0           0.000000000000d0        1329.745960110712d0           0.000000000000d0           0.000000000000d0        1598.259960350165d0           0.000000000000d0        1598.259960350165d0
           0.000000000000d0           0.000000000000d0           0.000000000000d0           0.000000000000d0           0.000000000000d0           0.000000000000d0           0.000000000000d0           0.000000000000d0           0.000000000000d0           0.000000000000d0           0.000000000000d0           0.000000000000d0           0.000000000000d0           0.000000000000d0           0.000000000000d0           0.000000000000d0           0.000000000000d0           0.000000000000d0           0.000000000000d0           0.000000000000d0           0.000000000000d0           0.000000000000d0           0.000000000000d0           0.000000000000d0           0.000000000000d0           0.000000000000d0           0.000000000000d0           0.000000000000d0           0.000000000000d0           0.000000000000d0           0.000000000000d0           0.000000000000d0           0.000000000000d0           0.000000000000d0           0.000000000000d0           0.000000000000d0           0.000000000000d0           0.000000000000d0           0.000000000000d0           0.000000000000d0           0.000000000000d0           0.000000000000d0           0.000000000000d0           0.000000000000d0           0.000000000000d0           0.000000000000d0           0.000000000000d0           0.000000000000d0           0.000000000000d0           0.000000000000d0           0.000000000000d0           0.000000000000d0           0.000000000000d0           0.000000000000d0           0.000000000000d0           0.000000000000d0           0.000000000000d0           0.000000000000d0           0.000000000000d0           0.000000000000d0           0.000000000000d0           0.000000000000d0           0.000000000000d0           0.000000000000d0           0.000000000000d0           0.000000000000d0           0.000000000000d0           0.000000000000d0           0.000000000000d0           0.000000000000d0           0.000000000000d0           0.000000000000d0           0.000000000000d0           0.000000000000d0           0.000000000000d0           0.000000000000d0           0.000000000000d0           0.000000000000d0           0.000000000000d0           0.000000000000d0           0.000000000000d0           0.000000000000d0           0.000000000000d0           0.000000000000d0           0.000000000000d0           0.000000000000d0           0.000000000000d0           0.000000000000d0           0.000000000000d0           0.000000000000d0           0.000000000000d0           0.000000000000d0           0.000000000000d0           0.000000000000d0           0.000000000000d0           0.000000000000d0           0.000000000000d0           0.000000000000d0           0.000000000000d0           0.000000000000d0           0.000000000000d0           0.000000000000d0           0.000000000000d0           0.000000000000d0           0.000000000000d0           0.000000000000d0           0.000000000000d0           0.000000000000d0           0.000000000000d0           0.000000000000d0           0.000000000000d0           0.000000000000d0           0.000000000000d0           0.000000000000d0           0.000000000000d0           0.000000000000d0           0.000000000000d0           0.000000000000d0           0.000000000000d0           0.000000000000d0           0.000000000000d0           0.000000000000d0           0.000000000000d0           0.000000000000d0           0.000000000000d0           0.000000000000d0           0.000000000000d0           0.000000000000d0           0.000000000000d0           0.000000000000d0           0.000000000000d0           0.000000000000d0           0.000000000000d0           0.000000000000d0           0.000000000000d0           0.000000000000d0           0.000000000000d0           0.000000000000d0           0.000000000000d0           0.000000000000d0           0.000000000000d0           0.000000000000d0           0.000000000000d0           0.000000000000d0           0.000000000000d0           0.000000000000d0           0.000000000000d0           0.000000000000d0           0.000000000000d0           0.000000000000d0           0.000000000000d0           0.000000000000d0           0.000000000000d0           0.000000000000d0           0.000000000000d0           0.000000000000d0           0.000000000000d0           0.000000000000d0           0.000000000000d0           0.000000000000d0           0.000000000000d0           0.000000000000d0           0.000000000000d0           0.000000000000d0           0.000000000000d0           0.000000000000d0           0.000000000000d0           0.000000000000d0           0.000000000000d0           0.000000000000d0           0.000000000000d0           0.000000000000d0           0.000000000000d0           0.000000000000d0           0.000000000000d0           0.000000000000d0           0.000000000000d0           0.000000000000d0           0.000000000000d0           0.000000000000d0           0.000000000000d0           0.000000000000d0           0.000000000000d0           0.000000000000d0           0.000000000000d0           0.000000000000d0           0.000000000000d0           0.000000000000d0           0.000000000000d0           0.000000000000d0           0.000000000000d0           0.000000000000d0           0.000000000000d0           0.000000000000d0           0.000000000000d0           0.000000000000d0           0.000000000000d0           0.000000000000d0           0.000000000000d0           0.000000000000d0           0.000000000000d0           0.000000000000d0           0.000000000000d0           0.000000000000d0           0.000000000000d0           0.000000000000d0           0.000000000000d0           0.000000000000d0           0.000000000000d0           0.000000000000d0           0.000000000000d0           0.000000000000d0           0.000000000000d0           0.000000000000d0           0.000000000000d0           0.000000000000d0           0.000000000000d0           0.000000000000d0           0.000000000000d0           0.000000000000d0           0.000000000000d0           0.000000000000d0           0.000000000000d0           0.000000000000d0           0.000000000000d0
