########################################
#  App version : 3.0.3
#  System Name : PO+_He
#  Date : 28-Apr-2023 21:35:20
#  Euler Convension : ZXZ
########################################


Terms involved in the fitting M-D-I-H:: 

0 0 0 0 0 0 0 0
6 7 0
4 5 6 7 0
0 0

Zero : 
-262711.29608891

 !Molecule A : q, mz, Qz, Oz, Phiz, M5z, M6z, M7z  
   1.00000000d0
 -1.33957114d0   0.00000000d0   0.00000000d0
  0.97131744d0   0.00000000d0   0.00000000d0   0.00000000d0   0.00000000d0
  0.60883920d0   0.00000000d0   0.00000000d0   0.00000000d0   0.00000000d0   0.00000000d0   0.00000000d0
  0.71511151d0   0.00000000d0   0.00000000d0   0.00000000d0   0.00000000d0   0.00000000d0   0.00000000d0   0.00000000d0   0.00000000d0
  1.00000000d0   0.00000000d0   0.00000000d0   0.00000000d0   0.00000000d0   0.00000000d0   0.00000000d0   0.00000000d0   0.00000000d0   0.00000000d0   0.00000000d0
  1.00000000d0   0.00000000d0   0.00000000d0   0.00000000d0   0.00000000d0   0.00000000d0   0.00000000d0   0.00000000d0   0.00000000d0   0.00000000d0   0.00000000d0   0.00000000d0   0.00000000d0
  1.00000000d0   0.00000000d0   0.00000000d0   0.00000000d0   0.00000000d0   0.00000000d0   0.00000000d0   0.00000000d0   0.00000000d0   0.00000000d0   0.00000000d0   0.00000000d0   0.00000000d0   0.00000000d0   0.00000000d0

!Molecule B : q, mz, Qz, Oz, Phiz, M5z, M6z, M7z  
   0.00000000d0
  0.00000000d0   0.00000000d0   0.00000000d0
  0.00000000d0   0.00000000d0   0.00000000d0   0.00000000d0   0.00000000d0
  0.00000000d0   0.00000000d0   0.00000000d0   0.00000000d0   0.00000000d0   0.00000000d0   0.00000000d0
  0.00000000d0   0.00000000d0   0.00000000d0   0.00000000d0   0.00000000d0   0.00000000d0   0.00000000d0   0.00000000d0   0.00000000d0
  0.00000000d0   0.00000000d0   0.00000000d0   0.00000000d0   0.00000000d0   0.00000000d0   0.00000000d0   0.00000000d0   0.00000000d0   0.00000000d0   0.00000000d0
  0.00000000d0   0.00000000d0   0.00000000d0   0.00000000d0   0.00000000d0   0.00000000d0   0.00000000d0   0.00000000d0   0.00000000d0   0.00000000d0   0.00000000d0   0.00000000d0   0.00000000d0
  0.00000000d0   0.00000000d0   0.00000000d0   0.00000000d0   0.00000000d0   0.00000000d0   0.00000000d0   0.00000000d0   0.00000000d0   0.00000000d0   0.00000000d0   0.00000000d0   0.00000000d0   0.00000000d0   0.00000000d0

!Polarizability A : dip-dip, dip-Quad, Quad-Quad, dip-Oct 
   1.00000000d0   0.00000000d0   0.00000000d0   1.00000000d0   0.00000000d0   1.00000000d0
  1.00000000d0   0.00000000d0   0.00000000d0   0.00000000d0   0.00000000d0   0.00000000d0   1.00000000d0   0.00000000d0   0.00000000d0   0.00000000d0   0.00000000d0   0.00000000d0   1.00000000d0   0.00000000d0   0.00000000d0
  1.00000000d0   0.00000000d0   0.00000000d0   0.00000000d0   0.00000000d0   1.00000000d0   0.00000000d0   0.00000000d0   0.00000000d0   1.00000000d0   0.00000000d0   0.00000000d0   1.00000000d0   0.00000000d0   1.00000000d0
  1.00000000d0   0.00000000d0   0.00000000d0   0.00000000d0   0.00000000d0   0.00000000d0   0.00000000d0   0.00000000d0   1.00000000d0   0.00000000d0   0.00000000d0   0.00000000d0   0.00000000d0   0.00000000d0   0.00000000d0   0.00000000d0   1.00000000d0   0.00000000d0   0.00000000d0   0.00000000d0   0.00000000d0

!Polarizability B : dip-dip, dip-Quad, Quad-Quad, dip-Oct 
   1.16885739d0   0.00000000d0   0.00000000d0   1.16885739d0   0.00000000d0   1.16885739d0
  0.00000000d0   0.00000000d0   0.00000000d0   0.00000000d0   0.00000000d0   0.00000000d0   0.00000000d0   0.00000000d0   0.00000000d0   0.00000000d0   0.00000000d0   0.00000000d0   0.00000000d0   0.00000000d0   0.00000000d0
 36.25379020d0   0.00000000d0   0.00000000d0   0.00000000d0   0.00000000d0  36.25379020d0   0.00000000d0   0.00000000d0   0.00000000d0  36.25379020d0   0.00000000d0   0.00000000d0  36.25379020d0   0.00000000d0  36.25379020d0
  0.00000000d0   0.00000000d0   0.00000000d0   0.00000000d0   0.00000000d0   0.00000000d0   0.00000000d0   0.00000000d0   0.00000000d0   0.00000000d0   0.00000000d0   0.00000000d0   0.00000000d0   0.00000000d0   0.00000000d0   0.00000000d0   0.00000000d0   0.00000000d0   0.00000000d0   0.00000000d0   0.00000000d0

!Hyperpolarizability A : dip-dip-dip ,  dip-dip-Quad 
   0.00000000d0   0.00000000d0   0.00000000d0   0.00000000d0   0.00000000d0   0.00000000d0   0.00000000d0   0.00000000d0   0.00000000d0   0.00000000d0
  0.00000000d0   0.00000000d0   0.00000000d0   0.00000000d0   0.00000000d0   0.00000000d0   0.00000000d0   0.00000000d0   0.00000000d0   0.00000000d0   0.00000000d0   0.00000000d0   0.00000000d0   0.00000000d0   0.00000000d0   0.00000000d0   0.00000000d0   0.00000000d0   0.00000000d0   0.00000000d0   0.00000000d0   0.00000000d0   0.00000000d0   0.00000000d0   0.00000000d0   0.00000000d0   0.00000000d0   0.00000000d0  -0.00000000d0   0.00000000d0

!Hyperpolarizability B : dip-dip-dip ,  dip-dip-Quad 
   0.00000000d0   0.00000000d0   0.00000000d0   0.00000000d0   0.00000000d0   0.00000000d0   0.00000000d0   0.00000000d0   0.00000000d0   0.00000000d0
  0.00000000d0   0.00000000d0   0.00000000d0   0.00000000d0   0.00000000d0   0.00000000d0   0.00000000d0   0.00000000d0   0.00000000d0   0.00000000d0   0.00000000d0   0.00000000d0   0.00000000d0   0.00000000d0   0.00000000d0   0.00000000d0   0.00000000d0   0.00000000d0   0.00000000d0   0.00000000d0   0.00000000d0   0.00000000d0   0.00000000d0   0.00000000d0   0.00000000d0   0.00000000d0   0.00000000d0   0.00000000d0   0.00000000d0   0.00000000d0

!Dispersion A-B : dip-dip_dip-dip , dip-Quad_dip-dip , dip-dip_dip-Quad 
   0.00000000d0   0.00000000d0   0.00000000d0   0.00000000d0   0.00000000d0   0.00000000d0   0.00000000d0   0.00000000d0   0.00000000d0   0.00000000d0   0.00000000d0   0.00000000d0   0.00000000d0   0.00000000d0   0.00000000d0   0.00000000d0   0.00000000d0   0.00000000d0   0.00000000d0   0.00000000d0   0.00000000d0   0.00000000d0   0.00000000d0   0.00000000d0   0.00000000d0   0.00000000d0   0.00000000d0   0.00000000d0   0.00000000d0   0.00000000d0   0.00000000d0   0.00000000d0   0.00000000d0   0.00000000d0   0.00000000d0   0.00000000d0
 20.86523822d0   0.00000000d0   0.00000000d0  20.86523822d0   0.00000000d0  20.86523822d0   0.00000000d0   0.00000000d0   0.00000000d0   0.00000000d0   0.00000000d0   0.00000000d0   0.00000000d0   0.00000000d0   0.00000000d0   0.00000000d0   0.00000000d0   0.00000000d0   0.00000000d0   0.00000000d0   0.00000000d0   0.00000000d0   0.00000000d0   0.00000000d0   0.00000000d0   0.00000000d0   0.00000000d0   0.00000000d0   0.00000000d0   0.00000000d0   0.00000000d0   0.00000000d0   0.00000000d0   0.00000000d0   0.00000000d0   0.00000000d0  11.08577776d0   0.00000000d0   0.00000000d0  11.08577776d0   0.00000000d0  11.08577776d0   0.00000000d0   0.00000000d0   0.00000000d0   0.00000000d0   0.00000000d0   0.00000000d0   0.00000000d0   0.00000000d0   0.00000000d0   0.00000000d0   0.00000000d0   0.00000000d0   0.00000000d0   0.00000000d0   0.00000000d0   0.00000000d0   0.00000000d0   0.00000000d0   0.00000000d0   0.00000000d0   0.00000000d0   0.00000000d0   0.00000000d0   0.00000000d0   0.00000000d0   0.00000000d0   0.00000000d0   0.00000000d0   0.00000000d0   0.00000000d0  11.08577776d0   0.00000000d0   0.00000000d0  11.08577776d0   0.00000000d0  11.08577776d0   0.00000000d0   0.00000000d0   0.00000000d0   0.00000000d0   0.00000000d0   0.00000000d0   0.00000000d0   0.00000000d0   0.00000000d0   0.00000000d0   0.00000000d0   0.00000000d0
  0.00000000d0   0.00000000d0   0.00000000d0   0.00000000d0   0.00000000d0   0.00000000d0   0.00000000d0   0.00000000d0   0.00000000d0   0.00000000d0   0.00000000d0   0.00000000d0   0.00000000d0   0.00000000d0   0.00000000d0   0.00000000d0   0.00000000d0   0.00000000d0   0.00000000d0   0.00000000d0   0.00000000d0   0.00000000d0   0.00000000d0   0.00000000d0   0.00000000d0   0.00000000d0   0.00000000d0   0.00000000d0   0.00000000d0   0.00000000d0   0.00000000d0   0.00000000d0   0.00000000d0   0.00000000d0   0.00000000d0   0.00000000d0   0.00000000d0   0.00000000d0   0.00000000d0   0.00000000d0   0.00000000d0   0.00000000d0   0.00000000d0   0.00000000d0   0.00000000d0   0.00000000d0   0.00000000d0   0.00000000d0   0.00000000d0   0.00000000d0   0.00000000d0   0.00000000d0   0.00000000d0   0.00000000d0   0.00000000d0   0.00000000d0   0.00000000d0   0.00000000d0   0.00000000d0   0.00000000d0   0.00000000d0   0.00000000d0   0.00000000d0   0.00000000d0   0.00000000d0   0.00000000d0   0.00000000d0   0.00000000d0   0.00000000d0   0.00000000d0   0.00000000d0   0.00000000d0   0.00000000d0   0.00000000d0   0.00000000d0   0.00000000d0   0.00000000d0   0.00000000d0   0.00000000d0   0.00000000d0   0.00000000d0   0.00000000d0   0.00000000d0   0.00000000d0   0.00000000d0   0.00000000d0   0.00000000d0   0.00000000d0   0.00000000d0   0.00000000d0
 11.17017975d0   0.00000000d0   0.00000000d0  11.17017975d0   0.00000000d0  11.17017975d0   0.00000000d0   0.00000000d0   0.00000000d0   0.00000000d0   0.00000000d0   0.00000000d0   0.00000000d0   0.00000000d0   0.00000000d0   0.00000000d0   0.00000000d0   0.00000000d0   0.00000000d0   0.00000000d0   0.00000000d0   0.00000000d0   0.00000000d0   0.00000000d0   0.00000000d0   0.00000000d0   0.00000000d0   0.00000000d0   0.00000000d0   0.00000000d0   0.00000000d0   0.00000000d0   0.00000000d0   0.00000000d0   0.00000000d0   0.00000000d0   0.00000000d0   0.00000000d0   0.00000000d0   0.00000000d0   0.00000000d0   0.00000000d0   0.00000000d0   0.00000000d0   0.00000000d0   0.00000000d0   0.00000000d0   0.00000000d0   2.74720577d0   0.00000000d0   0.00000000d0   2.74720577d0   0.00000000d0   2.74720577d0   0.00000000d0   0.00000000d0   0.00000000d0   0.00000000d0   0.00000000d0   0.00000000d0   0.00000000d0   0.00000000d0   0.00000000d0   0.00000000d0   0.00000000d0   0.00000000d0   0.00000000d0   0.00000000d0   0.00000000d0   0.00000000d0   0.00000000d0   0.00000000d0   0.00000000d0   0.00000000d0   0.00000000d0   0.00000000d0   0.00000000d0   0.00000000d0   0.00000000d0   0.00000000d0   0.00000000d0   0.00000000d0   0.00000000d0   0.00000000d0   0.00000000d0   0.00000000d0   0.00000000d0   0.00000000d0   0.00000000d0   0.00000000d0   0.00000000d0   0.00000000d0   0.00000000d0   0.00000000d0   0.00000000d0   0.00000000d0   2.74720577d0   0.00000000d0   0.00000000d0   2.74720577d0   0.00000000d0   2.74720577d0   0.00000000d0   0.00000000d0   0.00000000d0   0.00000000d0   0.00000000d0   0.00000000d0   0.00000000d0   0.00000000d0   0.00000000d0   0.00000000d0   0.00000000d0   0.00000000d0   0.00000000d0   0.00000000d0   0.00000000d0   0.00000000d0   0.00000000d0   0.00000000d0   0.00000000d0   0.00000000d0   0.00000000d0   0.00000000d0   0.00000000d0   0.00000000d0
  0.00000000d0   0.00000000d0   0.00000000d0   0.00000000d0   0.00000000d0   0.00000000d0   0.00000000d0   0.00000000d0   0.00000000d0   0.00000000d0   0.00000000d0   0.00000000d0   0.00000000d0   0.00000000d0   0.00000000d0   0.00000000d0   0.00000000d0   0.00000000d0   0.00000000d0   0.00000000d0   0.00000000d0   0.00000000d0   0.00000000d0   0.00000000d0   0.00000000d0   0.00000000d0   0.00000000d0   0.00000000d0   0.00000000d0   0.00000000d0   0.00000000d0   0.00000000d0   0.00000000d0   0.00000000d0   0.00000000d0   0.00000000d0   0.00000000d0   0.00000000d0   0.00000000d0   0.00000000d0   0.00000000d0   0.00000000d0   0.00000000d0   0.00000000d0   0.00000000d0   0.00000000d0   0.00000000d0   0.00000000d0   0.00000000d0   0.00000000d0   0.00000000d0   0.00000000d0   0.00000000d0   0.00000000d0   0.00000000d0   0.00000000d0   0.00000000d0   0.00000000d0   0.00000000d0   0.00000000d0   0.00000000d0   0.00000000d0   0.00000000d0   0.00000000d0   0.00000000d0   0.00000000d0   0.00000000d0   0.00000000d0   0.00000000d0   0.00000000d0   0.00000000d0   0.00000000d0   0.00000000d0   0.00000000d0   0.00000000d0   0.00000000d0   0.00000000d0   0.00000000d0   0.00000000d0   0.00000000d0   0.00000000d0   0.00000000d0   0.00000000d0   0.00000000d0   0.00000000d0   0.00000000d0   0.00000000d0   0.00000000d0   0.00000000d0   0.00000000d0   0.00000000d0   0.00000000d0   0.00000000d0   0.00000000d0   0.00000000d0   0.00000000d0   0.00000000d0   0.00000000d0   0.00000000d0   0.00000000d0   0.00000000d0   0.00000000d0   0.00000000d0   0.00000000d0   0.00000000d0   0.00000000d0   0.00000000d0   0.00000000d0   0.00000000d0   0.00000000d0   0.00000000d0   0.00000000d0   0.00000000d0   0.00000000d0   0.00000000d0   0.00000000d0   0.00000000d0   0.00000000d0   0.00000000d0   0.00000000d0   0.00000000d0   0.00000000d0   0.00000000d0   0.00000000d0   0.00000000d0   0.00000000d0
 -5.19771907d0   0.00000000d0   0.00000000d0  -5.19771907d0   0.00000000d0  -5.19771907d0   0.00000000d0   0.00000000d0   0.00000000d0   0.00000000d0   0.00000000d0   0.00000000d0   0.00000000d0   0.00000000d0   0.00000000d0   0.00000000d0   0.00000000d0   0.00000000d0   0.00000000d0   0.00000000d0   0.00000000d0   0.00000000d0   0.00000000d0   0.00000000d0   0.00000000d0   0.00000000d0   0.00000000d0   0.00000000d0   0.00000000d0   0.00000000d0  -5.54753741d0   0.00000000d0   0.00000000d0  -5.54753741d0   0.00000000d0  -5.54753741d0   0.00000000d0   0.00000000d0   0.00000000d0   0.00000000d0   0.00000000d0   0.00000000d0   0.00000000d0   0.00000000d0   0.00000000d0   0.00000000d0   0.00000000d0   0.00000000d0   0.00000000d0   0.00000000d0   0.00000000d0   0.00000000d0   0.00000000d0   0.00000000d0  -5.54753741d0   0.00000000d0   0.00000000d0  -5.54753741d0   0.00000000d0  -5.54753741d0   0.00000000d0   0.00000000d0   0.00000000d0   0.00000000d0   0.00000000d0   0.00000000d0   0.00000000d0   0.00000000d0   0.00000000d0   0.00000000d0   0.00000000d0   0.00000000d0 -12.66152915d0   0.00000000d0   0.00000000d0 -12.66152915d0   0.00000000d0 -12.66152915d0   0.00000000d0   0.00000000d0   0.00000000d0   0.00000000d0   0.00000000d0   0.00000000d0 -12.66152915d0   0.00000000d0   0.00000000d0 -12.66152915d0   0.00000000d0 -12.66152915d0
 -7.68272402d0   0.00000000d0   0.00000000d0  -0.24238797d0   0.00000000d0  -0.24238797d0   0.00000000d0   0.00000000d0   0.00000000d0   0.00000000d0   0.00000000d0   0.00000000d0   0.00000000d0   0.00000000d0   0.00000000d0   0.00000000d0   0.00000000d0   0.00000000d0   0.00000000d0   0.00000000d0   0.00000000d0   0.00000000d0   0.00000000d0   0.00000000d0   0.00000000d0   0.00000000d0   0.00000000d0   0.00000000d0   0.00000000d0   0.00000000d0  -7.68272402d0   0.00000000d0   0.00000000d0  -0.24238797d0   0.00000000d0  -0.24238797d0   0.00000000d0   0.00000000d0   0.00000000d0   0.00000000d0   0.00000000d0   0.00000000d0   0.00000000d0   0.00000000d0   0.00000000d0   0.00000000d0   0.00000000d0   0.00000000d0   0.00000000d0   0.00000000d0   0.00000000d0   0.00000000d0   0.00000000d0   0.00000000d0  -7.68272402d0   0.00000000d0   0.00000000d0  -0.24238797d0   0.00000000d0  -0.24238797d0   0.00000000d0   0.00000000d0   0.00000000d0   0.00000000d0   0.00000000d0   0.00000000d0   0.00000000d0   0.00000000d0   0.00000000d0   0.00000000d0   0.00000000d0   0.00000000d0  -7.68272402d0   0.00000000d0   0.00000000d0  -0.24238797d0   0.00000000d0  -0.24238797d0   0.00000000d0   0.00000000d0   0.00000000d0   0.00000000d0   0.00000000d0   0.00000000d0  -7.68272402d0   0.00000000d0   0.00000000d0  -0.24238797d0   0.00000000d0  -0.24238797d0
  0.00000000d0   0.00000000d0   0.00000000d0   0.00000000d0   0.00000000d0   0.00000000d0   0.00000000d0   0.00000000d0   0.00000000d0   0.00000000d0   0.00000000d0   0.00000000d0   0.00000000d0   0.00000000d0   0.00000000d0   0.00000000d0   0.00000000d0   0.00000000d0   0.00000000d0   0.00000000d0   0.00000000d0   0.00000000d0   0.00000000d0   0.00000000d0   0.00000000d0   0.00000000d0   0.00000000d0   0.00000000d0   0.00000000d0   0.00000000d0   0.00000000d0   0.00000000d0   0.00000000d0   0.00000000d0   0.00000000d0   0.00000000d0   0.00000000d0   0.00000000d0   0.00000000d0   0.00000000d0   0.00000000d0   0.00000000d0   0.00000000d0   0.00000000d0   0.00000000d0   0.00000000d0   0.00000000d0   0.00000000d0   0.00000000d0   0.00000000d0   0.00000000d0   0.00000000d0   0.00000000d0   0.00000000d0   0.00000000d0   0.00000000d0   0.00000000d0   0.00000000d0   0.00000000d0   0.00000000d0   0.00000000d0   0.00000000d0   0.00000000d0   0.00000000d0   0.00000000d0   0.00000000d0   0.00000000d0   0.00000000d0   0.00000000d0   0.00000000d0   0.00000000d0   0.00000000d0   0.00000000d0   0.00000000d0   0.00000000d0   0.00000000d0   0.00000000d0   0.00000000d0   0.00000000d0   0.00000000d0   0.00000000d0   0.00000000d0   0.00000000d0   0.00000000d0   0.00000000d0   0.00000000d0   0.00000000d0   0.00000000d0   0.00000000d0   0.00000000d0   0.00000000d0   0.00000000d0   0.00000000d0   0.00000000d0   0.00000000d0   0.00000000d0   0.00000000d0   0.00000000d0   0.00000000d0   0.00000000d0   0.00000000d0   0.00000000d0   0.00000000d0   0.00000000d0   0.00000000d0   0.00000000d0   0.00000000d0   0.00000000d0   0.00000000d0   0.00000000d0   0.00000000d0   0.00000000d0   0.00000000d0   0.00000000d0   0.00000000d0   0.00000000d0   0.00000000d0   0.00000000d0   0.00000000d0   0.00000000d0   0.00000000d0   0.00000000d0   0.00000000d0   0.00000000d0   0.00000000d0   0.00000000d0   0.00000000d0   0.00000000d0   0.00000000d0   0.00000000d0   0.00000000d0   0.00000000d0   0.00000000d0   0.00000000d0   0.00000000d0   0.00000000d0   0.00000000d0   0.00000000d0   0.00000000d0   0.00000000d0   0.00000000d0   0.00000000d0   0.00000000d0   0.00000000d0   0.00000000d0   0.00000000d0   0.00000000d0   0.00000000d0   0.00000000d0   0.00000000d0   0.00000000d0   0.00000000d0   0.00000000d0   0.00000000d0   0.00000000d0   0.00000000d0   0.00000000d0   0.00000000d0   0.00000000d0   0.00000000d0   0.00000000d0   0.00000000d0   0.00000000d0   0.00000000d0   0.00000000d0   0.00000000d0   0.00000000d0   0.00000000d0   0.00000000d0   0.00000000d0   0.00000000d0   0.00000000d0   0.00000000d0   0.00000000d0   0.00000000d0   0.00000000d0   0.00000000d0   0.00000000d0   0.00000000d0   0.00000000d0   0.00000000d0   0.00000000d0   0.00000000d0   0.00000000d0   0.00000000d0   0.00000000d0   0.00000000d0   0.00000000d0   0.00000000d0   0.00000000d0   0.00000000d0   0.00000000d0   0.00000000d0   0.00000000d0   0.00000000d0   0.00000000d0   0.00000000d0   0.00000000d0   0.00000000d0   0.00000000d0   0.00000000d0   0.00000000d0   0.00000000d0   0.00000000d0   0.00000000d0   0.00000000d0   0.00000000d0   0.00000000d0   0.00000000d0   0.00000000d0   0.00000000d0   0.00000000d0   0.00000000d0   0.00000000d0   0.00000000d0   0.00000000d0   0.00000000d0   0.00000000d0   0.00000000d0   0.00000000d0   0.00000000d0   0.00000000d0   0.00000000d0   0.00000000d0   0.00000000d0
