########################################
#  App version : demo
#  System Name : C6H_H2_Adp
#  Date : 19-Aug-2023 15:31:08
#  Euler Convension : ZXZ
########################################


Terms involved in the fitting M-D-I-H:: 

0 2 3 4 5 6 7 8
6 7 8
4 5 6 7 8
0 0

Zero : 
-144166.23297833

 !Molecule A : q, mz, Qz, Oz, Phiz, M5z, M6z, M7z  
   0.000000001288d0 
  0.006534218192d0   0.000000000000d0   0.00000000d0 
-540.694547356679d0   0.000000000000d0   0.000000000000d0   0.000000000000d0   0.00000000d0 
-711660.967918789713d0   0.000000000000d0   0.000000000000d0   0.000000000000d0   0.000000000000d0   0.000000000000d0   0.00000000d0 
-150145518.836111724377d0   0.000000000000d0   0.000000000000d0   0.000000000000d0   0.000000000000d0   0.000000000000d0   0.000000000000d0   0.000000000000d0   0.00000000d0 
111486169.919768631458d0   0.000000000000d0   0.000000000000d0   0.000000000000d0   0.000000000000d0   0.000000000000d0   0.000000000000d0   0.000000000000d0   0.000000000000d0   0.000000000000d0   0.00000000d0 
  1.000000000000d0   0.000000000000d0   0.000000000000d0   0.000000000000d0   0.000000000000d0   0.000000000000d0   0.000000000000d0   0.000000000000d0   0.000000000000d0   0.000000000000d0   0.000000000000d0   0.000000000000d0   0.00000000d0 
  1.000000000000d0   0.000000000000d0   0.000000000000d0   0.000000000000d0   0.000000000000d0   0.000000000000d0   0.000000000000d0   0.000000000000d0   0.000000000000d0   0.000000000000d0   0.000000000000d0   0.000000000000d0   0.000000000000d0   0.000000000000d0   0.00000000d0 

!Molecule B : q, mz, Qz, Oz, Phiz, M5z, M6z, M7z  
  -0.00000000d0 
  0.000000000000d0   0.000000000000d0   0.00000000d0 
  0.000000000000d0   0.000000000000d0   0.000000000000d0   0.000000000000d0   0.00000000d0 
  0.000000000000d0   0.000000000000d0   0.000000000000d0   0.000000000000d0   0.000000000000d0   0.000000000000d0   0.00000000d0 
  0.000000000000d0   0.000000000000d0   0.000000000000d0   0.000000000000d0   0.000000000000d0   0.000000000000d0   0.000000000000d0   0.000000000000d0   0.00000000d0 
  0.000000000000d0   0.000000000000d0   0.000000000000d0   0.000000000000d0   0.000000000000d0   0.000000000000d0   0.000000000000d0   0.000000000000d0   0.000000000000d0   0.000000000000d0   0.00000000d0 
  0.000000000000d0   0.000000000000d0   0.000000000000d0   0.000000000000d0   0.000000000000d0   0.000000000000d0   0.000000000000d0   0.000000000000d0   0.000000000000d0   0.000000000000d0   0.000000000000d0   0.000000000000d0   0.00000000d0 
  0.000000000000d0   0.000000000000d0   0.000000000000d0   0.000000000000d0   0.000000000000d0   0.000000000000d0   0.000000000000d0   0.000000000000d0   0.000000000000d0   0.000000000000d0   0.000000000000d0   0.000000000000d0   0.000000000000d0   0.000000000000d0   0.00000000d0 

!Polarizability A : dip-dip, dip-Quad, Quad-Quad, dip-Oct 
 -99525717.071837320924d0   0.000000000000d0   0.000000000000d0  11747332.901939438656d0   0.000000000000d0  11747332.90193944d0 
792725217.017183184624d0   0.000000000000d0   0.000000000000d0   0.000000000000d0   0.000000000000d0   0.000000000000d0  501951569.509542107582d0   0.000000000000d0   0.000000000000d0   0.000000000000d0   0.000000000000d0   0.000000000000d0 501951569.509542107582d0   0.000000000000d0   0.00000000d0 
  1.000000000000d0   0.000000000000d0   0.000000000000d0   0.000000000000d0   0.000000000000d0   1.000000000000d0   0.000000000000d0   0.000000000000d0   0.000000000000d0   1.000000000000d0   0.000000000000d0   0.000000000000d0   1.000000000000d0   0.000000000000d0   1.00000000d0 
  1.000000000000d0   0.000000000000d0   0.000000000000d0   0.000000000000d0   0.000000000000d0   0.000000000000d0   0.000000000000d0   0.000000000000d0   1.000000000000d0   0.000000000000d0   0.000000000000d0   0.000000000000d0   0.000000000000d0   0.000000000000d0   0.000000000000d0   0.000000000000d0   1.000000000000d0   0.000000000000d0   0.000000000000d0   0.000000000000d0   0.00000000d0 

!Polarizability B : dip-dip, dip-Quad, Quad-Quad, dip-Oct 
 501.811639428586d0   0.000000000000d0   0.000000000000d0 501.811639428586d0   0.000000000000d0 501.81163943d0 
  0.000000000000d0   0.000000000000d0   0.000000000000d0   0.000000000000d0   0.000000000000d0   0.000000000000d0   0.000000000000d0   0.000000000000d0   0.000000000000d0   0.000000000000d0   0.000000000000d0   0.000000000000d0   0.000000000000d0   0.000000000000d0   0.00000000d0 
38957507.992750518024d0   0.000000000000d0   0.000000000000d0   0.000000000000d0   0.000000000000d0 38957507.992750518024d0   0.000000000000d0   0.000000000000d0   0.000000000000d0 38957507.992750518024d0   0.000000000000d0   0.000000000000d0 38957507.992750518024d0   0.000000000000d0 38957507.99275052d0 
  0.000000000000d0   0.000000000000d0   0.000000000000d0   0.000000000000d0   0.000000000000d0   0.000000000000d0   0.000000000000d0   0.000000000000d0   0.000000000000d0   0.000000000000d0   0.000000000000d0   0.000000000000d0   0.000000000000d0   0.000000000000d0   0.000000000000d0   0.000000000000d0   0.000000000000d0   0.000000000000d0   0.000000000000d0   0.000000000000d0   0.00000000d0 

!Hyperpolarizability A : dip-dip-dip ,  dip-dip-Quad 
   0.000000000000d0   0.000000000000d0   0.000000000000d0   0.000000000000d0   0.000000000000d0   0.000000000000d0   0.000000000000d0   0.000000000000d0   0.000000000000d0   0.00000000d0 
  0.000000000000d0   0.000000000000d0   0.000000000000d0   0.000000000000d0   0.000000000000d0   0.000000000000d0   0.000000000000d0   0.000000000000d0   0.000000000000d0   0.000000000000d0   0.000000000000d0   0.000000000000d0   0.000000000000d0   0.000000000000d0   0.000000000000d0   0.000000000000d0   0.000000000000d0   0.000000000000d0   0.000000000000d0   0.000000000000d0   0.000000000000d0   0.000000000000d0   0.000000000000d0   0.000000000000d0   0.000000000000d0   0.000000000000d0   0.000000000000d0   0.000000000000d0  -0.000000000000d0   0.00000000d0 

!Hyperpolarizability B : dip-dip-dip ,  dip-dip-Quad 
   0.000000000000d0   0.000000000000d0   0.000000000000d0   0.000000000000d0   0.000000000000d0   0.000000000000d0   0.000000000000d0   0.000000000000d0   0.000000000000d0   0.00000000d0 
  0.000000000000d0   0.000000000000d0   0.000000000000d0   0.000000000000d0   0.000000000000d0   0.000000000000d0   0.000000000000d0   0.000000000000d0   0.000000000000d0   0.000000000000d0   0.000000000000d0   0.000000000000d0   0.000000000000d0   0.000000000000d0   0.000000000000d0   0.000000000000d0   0.000000000000d0   0.000000000000d0   0.000000000000d0   0.000000000000d0   0.000000000000d0   0.000000000000d0   0.000000000000d0   0.000000000000d0   0.000000000000d0   0.000000000000d0   0.000000000000d0   0.000000000000d0   0.000000000000d0   0.00000000d0 

!Dispersion A-B : dip-dip_dip-dip , dip-Quad_dip-dip , dip-dip_dip-Quad 
  29.940719177418d0   0.000000000000d0   0.000000000000d0  29.940719177418d0   0.000000000000d0  29.940719177418d0   0.000000000000d0   0.000000000000d0   0.000000000000d0   0.000000000000d0   0.000000000000d0   0.000000000000d0   0.000000000000d0   0.000000000000d0   0.000000000000d0   0.000000000000d0   0.000000000000d0   0.000000000000d0  22.532040442421d0   0.000000000000d0   0.000000000000d0  22.532040442421d0   0.000000000000d0  22.532040442421d0   0.000000000000d0   0.000000000000d0   0.000000000000d0   0.000000000000d0   0.000000000000d0   0.000000000000d0  22.532040442421d0   0.000000000000d0   0.000000000000d0  22.532040442421d0   0.000000000000d0  22.53204044d0 
1649.392167113160d0   0.000000000000d0   0.000000000000d0 1649.392167113160d0   0.000000000000d0 1649.392167113160d0   0.000000000000d0   0.000000000000d0   0.000000000000d0   0.000000000000d0   0.000000000000d0   0.000000000000d0   0.000000000000d0   0.000000000000d0   0.000000000000d0   0.000000000000d0   0.000000000000d0   0.000000000000d0   0.000000000000d0   0.000000000000d0   0.000000000000d0   0.000000000000d0   0.000000000000d0   0.000000000000d0   0.000000000000d0   0.000000000000d0   0.000000000000d0   0.000000000000d0   0.000000000000d0   0.000000000000d0   0.000000000000d0   0.000000000000d0   0.000000000000d0   0.000000000000d0   0.000000000000d0   0.000000000000d0  -9.090330294565d0   0.000000000000d0   0.000000000000d0  -9.090330294565d0   0.000000000000d0  -9.090330294565d0   0.000000000000d0   0.000000000000d0   0.000000000000d0   0.000000000000d0   0.000000000000d0   0.000000000000d0   0.000000000000d0   0.000000000000d0   0.000000000000d0   0.000000000000d0   0.000000000000d0   0.000000000000d0   0.000000000000d0   0.000000000000d0   0.000000000000d0   0.000000000000d0   0.000000000000d0   0.000000000000d0   0.000000000000d0   0.000000000000d0   0.000000000000d0   0.000000000000d0   0.000000000000d0   0.000000000000d0   0.000000000000d0   0.000000000000d0   0.000000000000d0   0.000000000000d0   0.000000000000d0   0.000000000000d0  -9.090330294565d0   0.000000000000d0   0.000000000000d0  -9.090330294565d0   0.000000000000d0  -9.090330294565d0   0.000000000000d0   0.000000000000d0   0.000000000000d0   0.000000000000d0   0.000000000000d0   0.000000000000d0   0.000000000000d0   0.000000000000d0   0.000000000000d0   0.000000000000d0   0.000000000000d0   0.00000000d0 
  0.000000000000d0   0.000000000000d0   0.000000000000d0   0.000000000000d0   0.000000000000d0   0.000000000000d0   0.000000000000d0   0.000000000000d0   0.000000000000d0   0.000000000000d0   0.000000000000d0   0.000000000000d0   0.000000000000d0   0.000000000000d0   0.000000000000d0   0.000000000000d0   0.000000000000d0   0.000000000000d0   0.000000000000d0   0.000000000000d0   0.000000000000d0   0.000000000000d0   0.000000000000d0   0.000000000000d0   0.000000000000d0   0.000000000000d0   0.000000000000d0   0.000000000000d0   0.000000000000d0   0.000000000000d0   0.000000000000d0   0.000000000000d0   0.000000000000d0   0.000000000000d0   0.000000000000d0   0.000000000000d0   0.000000000000d0   0.000000000000d0   0.000000000000d0   0.000000000000d0   0.000000000000d0   0.000000000000d0   0.000000000000d0   0.000000000000d0   0.000000000000d0   0.000000000000d0   0.000000000000d0   0.000000000000d0   0.000000000000d0   0.000000000000d0   0.000000000000d0   0.000000000000d0   0.000000000000d0   0.000000000000d0   0.000000000000d0   0.000000000000d0   0.000000000000d0   0.000000000000d0   0.000000000000d0   0.000000000000d0   0.000000000000d0   0.000000000000d0   0.000000000000d0   0.000000000000d0   0.000000000000d0   0.000000000000d0   0.000000000000d0   0.000000000000d0   0.000000000000d0   0.000000000000d0   0.000000000000d0   0.000000000000d0   0.000000000000d0   0.000000000000d0   0.000000000000d0   0.000000000000d0   0.000000000000d0   0.000000000000d0   0.000000000000d0   0.000000000000d0   0.000000000000d0   0.000000000000d0   0.000000000000d0   0.000000000000d0   0.000000000000d0   0.000000000000d0   0.000000000000d0   0.000000000000d0   0.000000000000d0   0.00000000d0 
-35727281.301686659455d0   0.000000000000d0   0.000000000000d0 -35727281.301686659455d0   0.000000000000d0 -35727281.301686659455d0   0.000000000000d0   0.000000000000d0   0.000000000000d0   0.000000000000d0   0.000000000000d0   0.000000000000d0   0.000000000000d0   0.000000000000d0   0.000000000000d0   0.000000000000d0   0.000000000000d0   0.000000000000d0   0.000000000000d0   0.000000000000d0   0.000000000000d0   0.000000000000d0   0.000000000000d0   0.000000000000d0   0.000000000000d0   0.000000000000d0   0.000000000000d0   0.000000000000d0   0.000000000000d0   0.000000000000d0   0.000000000000d0   0.000000000000d0   0.000000000000d0   0.000000000000d0   0.000000000000d0   0.000000000000d0   0.000000000000d0   0.000000000000d0   0.000000000000d0   0.000000000000d0   0.000000000000d0   0.000000000000d0   0.000000000000d0   0.000000000000d0   0.000000000000d0   0.000000000000d0   0.000000000000d0   0.000000000000d0 4949836.546990548261d0   0.000000000000d0   0.000000000000d0 4949836.546990548261d0   0.000000000000d0 4949836.546990548261d0   0.000000000000d0   0.000000000000d0   0.000000000000d0   0.000000000000d0   0.000000000000d0   0.000000000000d0   0.000000000000d0   0.000000000000d0   0.000000000000d0   0.000000000000d0   0.000000000000d0   0.000000000000d0   0.000000000000d0   0.000000000000d0   0.000000000000d0   0.000000000000d0   0.000000000000d0   0.000000000000d0   0.000000000000d0   0.000000000000d0   0.000000000000d0   0.000000000000d0   0.000000000000d0   0.000000000000d0   0.000000000000d0   0.000000000000d0   0.000000000000d0   0.000000000000d0   0.000000000000d0   0.000000000000d0   0.000000000000d0   0.000000000000d0   0.000000000000d0   0.000000000000d0   0.000000000000d0   0.000000000000d0   0.000000000000d0   0.000000000000d0   0.000000000000d0   0.000000000000d0   0.000000000000d0   0.000000000000d0 4949836.546990548261d0   0.000000000000d0   0.000000000000d0 4949836.546990548261d0   0.000000000000d0 4949836.546990548261d0   0.000000000000d0   0.000000000000d0   0.000000000000d0   0.000000000000d0   0.000000000000d0   0.000000000000d0   0.000000000000d0   0.000000000000d0   0.000000000000d0   0.000000000000d0   0.000000000000d0   0.000000000000d0   0.000000000000d0   0.000000000000d0   0.000000000000d0   0.000000000000d0   0.000000000000d0   0.000000000000d0   0.000000000000d0   0.000000000000d0   0.000000000000d0   0.000000000000d0   0.000000000000d0   0.00000000d0 
  0.000000000000d0   0.000000000000d0   0.000000000000d0   0.000000000000d0   0.000000000000d0   0.000000000000d0   0.000000000000d0   0.000000000000d0   0.000000000000d0   0.000000000000d0   0.000000000000d0   0.000000000000d0   0.000000000000d0   0.000000000000d0   0.000000000000d0   0.000000000000d0   0.000000000000d0   0.000000000000d0   0.000000000000d0   0.000000000000d0   0.000000000000d0   0.000000000000d0   0.000000000000d0   0.000000000000d0   0.000000000000d0   0.000000000000d0   0.000000000000d0   0.000000000000d0   0.000000000000d0   0.000000000000d0   0.000000000000d0   0.000000000000d0   0.000000000000d0   0.000000000000d0   0.000000000000d0   0.000000000000d0   0.000000000000d0   0.000000000000d0   0.000000000000d0   0.000000000000d0   0.000000000000d0   0.000000000000d0   0.000000000000d0   0.000000000000d0   0.000000000000d0   0.000000000000d0   0.000000000000d0   0.000000000000d0   0.000000000000d0   0.000000000000d0   0.000000000000d0   0.000000000000d0   0.000000000000d0   0.000000000000d0   0.000000000000d0   0.000000000000d0   0.000000000000d0   0.000000000000d0   0.000000000000d0   0.000000000000d0   0.000000000000d0   0.000000000000d0   0.000000000000d0   0.000000000000d0   0.000000000000d0   0.000000000000d0   0.000000000000d0   0.000000000000d0   0.000000000000d0   0.000000000000d0   0.000000000000d0   0.000000000000d0   0.000000000000d0   0.000000000000d0   0.000000000000d0   0.000000000000d0   0.000000000000d0   0.000000000000d0   0.000000000000d0   0.000000000000d0   0.000000000000d0   0.000000000000d0   0.000000000000d0   0.000000000000d0   0.000000000000d0   0.000000000000d0   0.000000000000d0   0.000000000000d0   0.000000000000d0   0.000000000000d0   0.000000000000d0   0.000000000000d0   0.000000000000d0   0.000000000000d0   0.000000000000d0   0.000000000000d0   0.000000000000d0   0.000000000000d0   0.000000000000d0   0.000000000000d0   0.000000000000d0   0.000000000000d0   0.000000000000d0   0.000000000000d0   0.000000000000d0   0.000000000000d0   0.000000000000d0   0.000000000000d0   0.000000000000d0   0.000000000000d0   0.000000000000d0   0.000000000000d0   0.000000000000d0   0.000000000000d0   0.000000000000d0   0.000000000000d0   0.000000000000d0   0.000000000000d0   0.000000000000d0   0.000000000000d0   0.000000000000d0   0.000000000000d0   0.000000000000d0   0.000000000000d0   0.000000000000d0   0.00000000d0 
-27390887.857077728957d0   0.000000000000d0   0.000000000000d0 -27390887.857077728957d0   0.000000000000d0 -27390887.857077728957d0   0.000000000000d0   0.000000000000d0   0.000000000000d0   0.000000000000d0   0.000000000000d0   0.000000000000d0   0.000000000000d0   0.000000000000d0   0.000000000000d0   0.000000000000d0   0.000000000000d0   0.000000000000d0   0.000000000000d0   0.000000000000d0   0.000000000000d0   0.000000000000d0   0.000000000000d0   0.000000000000d0   0.000000000000d0   0.000000000000d0   0.000000000000d0   0.000000000000d0   0.000000000000d0   0.000000000000d0 -3555586.355613701511d0   0.000000000000d0   0.000000000000d0 -3555586.355613701511d0   0.000000000000d0 -3555586.355613701511d0   0.000000000000d0   0.000000000000d0   0.000000000000d0   0.000000000000d0   0.000000000000d0   0.000000000000d0   0.000000000000d0   0.000000000000d0   0.000000000000d0   0.000000000000d0   0.000000000000d0   0.000000000000d0   0.000000000000d0   0.000000000000d0   0.000000000000d0   0.000000000000d0   0.000000000000d0   0.000000000000d0 -3555586.355613701511d0   0.000000000000d0   0.000000000000d0 -3555586.355613701511d0   0.000000000000d0 -3555586.355613701511d0   0.000000000000d0   0.000000000000d0   0.000000000000d0   0.000000000000d0   0.000000000000d0   0.000000000000d0   0.000000000000d0   0.000000000000d0   0.000000000000d0   0.000000000000d0   0.000000000000d0   0.000000000000d0 -4956387.044435357675d0   0.000000000000d0   0.000000000000d0 -4956387.044435357675d0   0.000000000000d0 -4956387.044435357675d0   0.000000000000d0   0.000000000000d0   0.000000000000d0   0.000000000000d0   0.000000000000d0   0.000000000000d0 -4956387.044435357675d0   0.000000000000d0   0.000000000000d0 -4956387.044435357675d0   0.000000000000d0 -4956387.04443536d0 
-9966800.052488176152d0   0.000000000000d0   0.000000000000d0 -3694868.729292972945d0   0.000000000000d0 -3694868.729292972945d0   0.000000000000d0   0.000000000000d0   0.000000000000d0   0.000000000000d0   0.000000000000d0   0.000000000000d0   0.000000000000d0   0.000000000000d0   0.000000000000d0   0.000000000000d0   0.000000000000d0   0.000000000000d0   0.000000000000d0   0.000000000000d0   0.000000000000d0   0.000000000000d0   0.000000000000d0   0.000000000000d0   0.000000000000d0   0.000000000000d0   0.000000000000d0   0.000000000000d0   0.000000000000d0   0.000000000000d0 -9966800.052488176152d0   0.000000000000d0   0.000000000000d0 -3694868.729292972945d0   0.000000000000d0 -3694868.729292972945d0   0.000000000000d0   0.000000000000d0   0.000000000000d0   0.000000000000d0   0.000000000000d0   0.000000000000d0   0.000000000000d0   0.000000000000d0   0.000000000000d0   0.000000000000d0   0.000000000000d0   0.000000000000d0   0.000000000000d0   0.000000000000d0   0.000000000000d0   0.000000000000d0   0.000000000000d0   0.000000000000d0 -9966800.052488176152d0   0.000000000000d0   0.000000000000d0 -3694868.729292972945d0   0.000000000000d0 -3694868.729292972945d0   0.000000000000d0   0.000000000000d0   0.000000000000d0   0.000000000000d0   0.000000000000d0   0.000000000000d0   0.000000000000d0   0.000000000000d0   0.000000000000d0   0.000000000000d0   0.000000000000d0   0.000000000000d0 -9966800.052488176152d0   0.000000000000d0   0.000000000000d0 -3694868.729292972945d0   0.000000000000d0 -3694868.729292972945d0   0.000000000000d0   0.000000000000d0   0.000000000000d0   0.000000000000d0   0.000000000000d0   0.000000000000d0 -9966800.052488176152d0   0.000000000000d0   0.000000000000d0 -3694868.729292972945d0   0.000000000000d0 -3694868.72929297d0 
  0.000000000000d0   0.000000000000d0   0.000000000000d0   0.000000000000d0   0.000000000000d0   0.000000000000d0   0.000000000000d0   0.000000000000d0   0.000000000000d0   0.000000000000d0   0.000000000000d0   0.000000000000d0   0.000000000000d0   0.000000000000d0   0.000000000000d0   0.000000000000d0   0.000000000000d0   0.000000000000d0   0.000000000000d0   0.000000000000d0   0.000000000000d0   0.000000000000d0   0.000000000000d0   0.000000000000d0   0.000000000000d0   0.000000000000d0   0.000000000000d0   0.000000000000d0   0.000000000000d0   0.000000000000d0   0.000000000000d0   0.000000000000d0   0.000000000000d0   0.000000000000d0   0.000000000000d0   0.000000000000d0   0.000000000000d0   0.000000000000d0   0.000000000000d0   0.000000000000d0   0.000000000000d0   0.000000000000d0   0.000000000000d0   0.000000000000d0   0.000000000000d0   0.000000000000d0   0.000000000000d0   0.000000000000d0   0.000000000000d0   0.000000000000d0   0.000000000000d0   0.000000000000d0   0.000000000000d0   0.000000000000d0   0.000000000000d0   0.000000000000d0   0.000000000000d0   0.000000000000d0   0.000000000000d0   0.000000000000d0   0.000000000000d0   0.000000000000d0   0.000000000000d0   0.000000000000d0   0.000000000000d0   0.000000000000d0   0.000000000000d0   0.000000000000d0   0.000000000000d0   0.000000000000d0   0.000000000000d0   0.000000000000d0   0.000000000000d0   0.000000000000d0   0.000000000000d0   0.000000000000d0   0.000000000000d0   0.000000000000d0   0.000000000000d0   0.000000000000d0   0.000000000000d0   0.000000000000d0   0.000000000000d0   0.000000000000d0   0.000000000000d0   0.000000000000d0   0.000000000000d0   0.000000000000d0   0.000000000000d0   0.000000000000d0   0.000000000000d0   0.000000000000d0   0.000000000000d0   0.000000000000d0   0.000000000000d0   0.000000000000d0   0.000000000000d0   0.000000000000d0   0.000000000000d0   0.000000000000d0   0.000000000000d0   0.000000000000d0   0.000000000000d0   0.000000000000d0   0.000000000000d0   0.000000000000d0   0.000000000000d0   0.000000000000d0   0.000000000000d0   0.000000000000d0   0.000000000000d0   0.000000000000d0   0.000000000000d0   0.000000000000d0   0.000000000000d0   0.000000000000d0   0.000000000000d0   0.000000000000d0   0.000000000000d0   0.000000000000d0   0.000000000000d0   0.000000000000d0   0.000000000000d0   0.000000000000d0   0.000000000000d0   0.000000000000d0   0.000000000000d0   0.000000000000d0   0.000000000000d0   0.000000000000d0   0.000000000000d0   0.000000000000d0   0.000000000000d0   0.000000000000d0   0.000000000000d0   0.000000000000d0   0.000000000000d0   0.000000000000d0   0.000000000000d0   0.000000000000d0   0.000000000000d0   0.000000000000d0   0.000000000000d0   0.000000000000d0   0.000000000000d0   0.000000000000d0   0.000000000000d0   0.000000000000d0   0.000000000000d0   0.000000000000d0   0.000000000000d0   0.000000000000d0   0.000000000000d0   0.000000000000d0   0.000000000000d0   0.000000000000d0   0.000000000000d0   0.000000000000d0   0.000000000000d0   0.000000000000d0   0.000000000000d0   0.000000000000d0   0.000000000000d0   0.000000000000d0   0.000000000000d0   0.000000000000d0   0.000000000000d0   0.000000000000d0   0.000000000000d0   0.000000000000d0   0.000000000000d0   0.000000000000d0   0.000000000000d0   0.000000000000d0   0.000000000000d0   0.000000000000d0   0.000000000000d0   0.000000000000d0   0.000000000000d0   0.000000000000d0   0.000000000000d0   0.000000000000d0   0.000000000000d0   0.000000000000d0   0.000000000000d0   0.000000000000d0   0.000000000000d0   0.000000000000d0   0.000000000000d0   0.000000000000d0   0.000000000000d0   0.000000000000d0   0.000000000000d0   0.000000000000d0   0.000000000000d0   0.000000000000d0   0.000000000000d0   0.000000000000d0   0.000000000000d0   0.000000000000d0   0.000000000000d0   0.000000000000d0   0.000000000000d0   0.000000000000d0   0.000000000000d0   0.000000000000d0   0.000000000000d0   0.000000000000d0   0.000000000000d0   0.000000000000d0   0.000000000000d0   0.000000000000d0   0.000000000000d0   0.000000000000d0   0.000000000000d0   0.000000000000d0   0.000000000000d0   0.000000000000d0   0.000000000000d0   0.000000000000d0   0.000000000000d0   0.000000000000d0   0.000000000000d0   0.000000000000d0   0.00000000d0 
