########################################
#  App version : 4
#  System Name : Unknown
#  Date : 11-Aug-2024 00:09:58
#  Euler Convension : ZXZ
########################################


Zero:  -86995.84616695

 Terms involved in the fitting Electrostatic, Induction and Dispersion:: 
Elec:  0 0 3 4 5 6 7 8 0 0 0 0 0 0 0  
Indn:  0 0 0 4 5 6 7 8 0 0 0 0 0 0 0  
Disp:  0 0 0 0 0 6 7 8 0 0 0 0 0 0 0  
Mult_A:        1.0000000000000000d0       -0.4431515089414810d0        0.0000000000000000d0        0.0000000000000000d0        0.3912622209972316d0        0.0000000000000000d0        0.0000000000000000d0        0.0000000000000000d0        0.0000000000000000d0        2.3623392888368353d0        0.0000000000000000d0        0.0000000000000000d0        0.0000000000000000d0        0.0000000000000000d0        0.0000000000000000d0        0.0000000000000000d0       -7.6540506886241948d0        0.0000000000000000d0        0.0000000000000000d0        0.0000000000000000d0        0.0000000000000000d0        0.0000000000000000d0        0.0000000000000000d0        0.0000000000000000d0        0.0000000000000000d0       79.3665033964897759d0        0.0000000000000000d0        0.0000000000000000d0        0.0000000000000000d0        0.0000000000000000d0        0.0000000000000000d0        0.0000000000000000d0        0.0000000000000000d0        0.0000000000000000d0        0.0000000000000000d0        0.0000000000000000d0        1.0000000000000000d0        0.0000000000000000d0        0.0000000000000000d0        0.0000000000000000d0        0.0000000000000000d0        0.0000000000000000d0        0.0000000000000000d0        0.0000000000000000d0        0.0000000000000000d0        0.0000000000000000d0        0.0000000000000000d0        0.0000000000000000d0        0.0000000000000000d0        1.0000000000000000d0        0.0000000000000000d0        0.0000000000000000d0        0.0000000000000000d0        0.0000000000000000d0        0.0000000000000000d0        0.0000000000000000d0        0.0000000000000000d0        0.0000000000000000d0        0.0000000000000000d0        0.0000000000000000d0        0.0000000000000000d0        0.0000000000000000d0        0.0000000000000000d0        0.0000000000000000d0  

Mult_B:        0.0000000000000000d0        0.0000000000000000d0        0.0000000000000000d0        0.0000000000000000d0        0.0013733808560047d0        0.0000000000000000d0        0.0000000000000000d0        0.0000000000000000d0        0.0000000000000000d0        0.0000000000000000d0        0.0000000000000000d0        0.0000000000000000d0        0.0000000000000000d0        0.0000000000000000d0        0.0000000000000000d0        0.0000000000000000d0        0.0009160718799748d0        0.0000000000000000d0        0.0000000000000000d0        0.0000000000000000d0        0.0000000000000000d0        0.0000000000000000d0        0.0000000000000000d0        0.0000000000000000d0        0.0000000000000000d0        0.0000000000000000d0        0.0000000000000000d0        0.0000000000000000d0        0.0000000000000000d0        0.0000000000000000d0        0.0000000000000000d0        0.0000000000000000d0        0.0000000000000000d0        0.0000000000000000d0        0.0000000000000000d0        0.0000000000000000d0        0.0593450640985671d0        0.0000000000000000d0        0.0000000000000000d0        0.0000000000000000d0        0.0000000000000000d0        0.0000000000000000d0        0.0000000000000000d0        0.0000000000000000d0        0.0000000000000000d0        0.0000000000000000d0        0.0000000000000000d0        0.0000000000000000d0        0.0000000000000000d0        0.0000000000000000d0        0.0000000000000000d0        0.0000000000000000d0        0.0000000000000000d0        0.0000000000000000d0        0.0000000000000000d0        0.0000000000000000d0        0.0000000000000000d0        0.0000000000000000d0        0.0000000000000000d0        0.0000000000000000d0        0.0000000000000000d0        0.0000000000000000d0        0.0000000000000000d0        0.0000000000000000d0  

PA-1-1 1169533.1505166613496840d0        0.0000000000000000d0        0.0000000000000000d0        0.0000000000000000d0   389703.6272758514969610d0        0.0000000000000000d0        0.0000000000000000d0        0.0000000000000000d0   389703.6272758514969610d0  

PB-1-1       0.0189624830724999d0        0.0000000000000000d0        0.0000000000000000d0        0.0000000000000000d0        0.0135442942715776d0        0.0000000000000000d0        0.0000000000000000d0        0.0000000000000000d0        0.0135442942715776d0  

PA-1-2       0.1421411372078075d0        0.0000000000000000d0        0.0000000000000000d0        0.0000000000000000d0        0.0000000000000000d0        0.0000000000000000d0       -0.9949361530051237d0        0.0000000000000000d0        0.0000000000000000d0        0.0000000000000000d0        0.0000000000000000d0        0.0000000000000000d0       -0.9949361530051237d0        0.0000000000000000d0        0.0000000000000000d0  

PB-1-2       0.0000000000000000d0        0.0000000000000000d0        0.0000000000000000d0        0.0000000000000000d0        0.0000000000000000d0        0.0000000000000000d0        0.0000000000000000d0        0.0000000000000000d0        0.0000000000000000d0        0.0000000000000000d0        0.0000000000000000d0        0.0000000000000000d0        0.0000000000000000d0        0.0000000000000000d0        0.0000000000000000d0  

PA-1-3       0.1012752753104773d0        0.0000000000000000d0        0.0000000000000000d0        0.0000000000000000d0        0.0000000000000000d0        0.0000000000000000d0        0.0000000000000000d0        0.0000000000000000d0       -0.9974325337111243d0        0.0000000000000000d0        0.0000000000000000d0        0.0000000000000000d0        0.0000000000000000d0        0.0000000000000000d0        0.0000000000000000d0        0.0000000000000000d0       -0.9974325337111243d0        0.0000000000000000d0        0.0000000000000000d0        0.0000000000000000d0        0.0000000000000000d0  

PB-1-3       2.2815123550170884d0        0.0000000000000000d0        0.0000000000000000d0        0.0000000000000000d0        0.0000000000000000d0        0.0000000000000000d0        0.0000000000000000d0        0.0000000000000000d0       -1.2397482341403372d0        0.0000000000000000d0        0.0000000000000000d0        0.0000000000000000d0        0.0000000000000000d0        0.0000000000000000d0        0.0000000000000000d0        0.0000000000000000d0       -1.2397482341403372d0        0.0000000000000000d0        0.0000000000000000d0        0.0000000000000000d0        0.0000000000000000d0  

PA-1-4       0.0786893258332633d0        0.0000000000000000d0        0.0000000000000000d0        0.0000000000000000d0        0.0000000000000000d0        0.0000000000000000d0        0.0000000000000000d0        0.0000000000000000d0        0.0000000000000000d0        0.0000000000000000d0       -0.9984507974857615d0        0.0000000000000000d0        0.0000000000000000d0        0.0000000000000000d0        0.0000000000000000d0        0.0000000000000000d0        0.0000000000000000d0        0.0000000000000000d0        0.0000000000000000d0        0.0000000000000000d0       -0.9984507974857615d0        0.0000000000000000d0        0.0000000000000000d0        0.0000000000000000d0        0.0000000000000000d0        0.0000000000000000d0        0.0000000000000000d0  

PB-1-4       0.0000000000000000d0        0.0000000000000000d0        0.0000000000000000d0        0.0000000000000000d0        0.0000000000000000d0        0.0000000000000000d0        0.0000000000000000d0        0.0000000000000000d0        0.0000000000000000d0        0.0000000000000000d0        0.0000000000000000d0        0.0000000000000000d0        0.0000000000000000d0        0.0000000000000000d0        0.0000000000000000d0        0.0000000000000000d0        0.0000000000000000d0        0.0000000000000000d0        0.0000000000000000d0        0.0000000000000000d0        0.0000000000000000d0        0.0000000000000000d0        0.0000000000000000d0        0.0000000000000000d0        0.0000000000000000d0        0.0000000000000000d0        0.0000000000000000d0  

PA-1-5       0.0643490834127544d0        0.0000000000000000d0        0.0000000000000000d0        0.0000000000000000d0        0.0000000000000000d0        0.0000000000000000d0        0.0000000000000000d0        0.0000000000000000d0        0.0000000000000000d0        0.0000000000000000d0        0.0000000000000000d0        0.0000000000000000d0       -0.9989642624898895d0        0.0000000000000000d0        0.0000000000000000d0        0.0000000000000000d0        0.0000000000000000d0        0.0000000000000000d0        0.0000000000000000d0        0.0000000000000000d0        0.0000000000000000d0        0.0000000000000000d0        0.0000000000000000d0        0.0000000000000000d0       -0.9989642624898895d0        0.0000000000000000d0        0.0000000000000000d0        0.0000000000000000d0        0.0000000000000000d0        0.0000000000000000d0        0.0000000000000000d0        0.0000000000000000d0        0.0000000000000000d0  

PB-1-5   18360.8663828145945445d0        0.0000000000000000d0        0.0000000000000000d0        0.0000000000000000d0        0.0000000000000000d0        0.0000000000000000d0        0.0000000000000000d0        0.0000000000000000d0        0.0000000000000000d0        0.0000000000000000d0        0.0000000000000000d0        0.0000000000000000d0     2327.0309809243753989d0        0.0000000000000000d0        0.0000000000000000d0        0.0000000000000000d0        0.0000000000000000d0        0.0000000000000000d0        0.0000000000000000d0        0.0000000000000000d0        0.0000000000000000d0        0.0000000000000000d0        0.0000000000000000d0        0.0000000000000000d0     2327.0309809243753989d0        0.0000000000000000d0        0.0000000000000000d0        0.0000000000000000d0        0.0000000000000000d0        0.0000000000000000d0        0.0000000000000000d0        0.0000000000000000d0        0.0000000000000000d0  

PA-2-2       0.6298282772757453d0        0.0000000000000000d0        0.0000000000000000d0        0.0000000000000000d0        0.0000000000000000d0        0.0000000000000000d0       -0.2981390901462239d0        0.0000000000000000d0        0.0000000000000000d0        0.0000000000000000d0        0.0000000000000000d0        0.0000000000000000d0       -0.2981390901462239d0        0.0000000000000000d0        0.0000000000000000d0        0.0000000000000000d0        0.0000000000000000d0        0.0000000000000000d0        1.1012589402582458d0        0.0000000000000000d0        0.0000000000000000d0        0.0000000000000000d0        0.0000000000000000d0        0.0000000000000000d0        1.1012589402582458d0  

PB-2-2      -4.2295635823125242d0        0.0000000000000000d0        0.0000000000000000d0        0.0000000000000000d0        0.0000000000000000d0        0.0000000000000000d0        3.0471889922070030d0        0.0000000000000000d0        0.0000000000000000d0        0.0000000000000000d0        0.0000000000000000d0        0.0000000000000000d0        3.0471889922070030d0        0.0000000000000000d0        0.0000000000000000d0        0.0000000000000000d0        0.0000000000000000d0        0.0000000000000000d0       -0.3961965328818035d0        0.0000000000000000d0        0.0000000000000000d0        0.0000000000000000d0        0.0000000000000000d0        0.0000000000000000d0       -0.3961965328818035d0  

PA-2-3       0.6807603326851420d0        0.0000000000000000d0        0.0000000000000000d0        0.0000000000000000d0        0.0000000000000000d0        0.0000000000000000d0        0.0000000000000000d0        0.0000000000000000d0       -0.1924327785755645d0        0.0000000000000000d0        0.0000000000000000d0        0.0000000000000000d0        0.0000000000000000d0        0.0000000000000000d0        0.0000000000000000d0        0.0000000000000000d0       -0.1924327785755645d0        0.0000000000000000d0        0.0000000000000000d0        0.0000000000000000d0        0.0000000000000000d0        0.0000000000000000d0        0.0000000000000000d0        0.0000000000000000d0        1.1096180921609446d0        0.0000000000000000d0        0.0000000000000000d0        0.0000000000000000d0        0.0000000000000000d0        0.0000000000000000d0        0.0000000000000000d0        0.0000000000000000d0        1.1096180921609446d0        0.0000000000000000d0        0.0000000000000000d0  

PB-2-3       0.0000000000000000d0        0.0000000000000000d0        0.0000000000000000d0        0.0000000000000000d0        0.0000000000000000d0        0.0000000000000000d0        0.0000000000000000d0        0.0000000000000000d0        0.0000000000000000d0        0.0000000000000000d0        0.0000000000000000d0        0.0000000000000000d0        0.0000000000000000d0        0.0000000000000000d0        0.0000000000000000d0        0.0000000000000000d0        0.0000000000000000d0        0.0000000000000000d0        0.0000000000000000d0        0.0000000000000000d0        0.0000000000000000d0        0.0000000000000000d0        0.0000000000000000d0        0.0000000000000000d0        0.0000000000000000d0        0.0000000000000000d0        0.0000000000000000d0        0.0000000000000000d0        0.0000000000000000d0        0.0000000000000000d0        0.0000000000000000d0        0.0000000000000000d0        0.0000000000000000d0        0.0000000000000000d0        0.0000000000000000d0  

PA-2-4       0.6990751548504653d0        0.0000000000000000d0        0.0000000000000000d0        0.0000000000000000d0        0.0000000000000000d0        0.0000000000000000d0        0.0000000000000000d0        0.0000000000000000d0        0.0000000000000000d0        0.0000000000000000d0       -0.1439885590028350d0        0.0000000000000000d0        0.0000000000000000d0        0.0000000000000000d0        0.0000000000000000d0        0.0000000000000000d0        0.0000000000000000d0        0.0000000000000000d0        0.0000000000000000d0        0.0000000000000000d0       -0.1439885590028350d0        0.0000000000000000d0        0.0000000000000000d0        0.0000000000000000d0        0.0000000000000000d0        0.0000000000000000d0        0.0000000000000000d0        0.0000000000000000d0        0.0000000000000000d0        0.0000000000000000d0        1.1112669610906669d0        0.0000000000000000d0        0.0000000000000000d0        0.0000000000000000d0        0.0000000000000000d0        0.0000000000000000d0        0.0000000000000000d0        0.0000000000000000d0        0.0000000000000000d0        0.0000000000000000d0        1.1112669610906669d0        0.0000000000000000d0        0.0000000000000000d0        0.0000000000000000d0        0.0000000000000000d0  

PB-2-4   -8881.2848543082291144d0        0.0000000000000000d0        0.0000000000000000d0        0.0000000000000000d0        0.0000000000000000d0        0.0000000000000000d0        0.0000000000000000d0        0.0000000000000000d0        0.0000000000000000d0        0.0000000000000000d0      378.1082637038388157d0        0.0000000000000000d0        0.0000000000000000d0        0.0000000000000000d0        0.0000000000000000d0        0.0000000000000000d0        0.0000000000000000d0        0.0000000000000000d0        0.0000000000000000d0        0.0000000000000000d0      378.1082637038388157d0        0.0000000000000000d0        0.0000000000000000d0        0.0000000000000000d0        0.0000000000000000d0        0.0000000000000000d0        0.0000000000000000d0        0.0000000000000000d0        0.0000000000000000d0        0.0000000000000000d0     4161.8277155403575307d0        0.0000000000000000d0        0.0000000000000000d0        0.0000000000000000d0        0.0000000000000000d0        0.0000000000000000d0        0.0000000000000000d0        0.0000000000000000d0        0.0000000000000000d0        0.0000000000000000d0     4161.8277155403575307d0        0.0000000000000000d0        0.0000000000000000d0        0.0000000000000000d0        0.0000000000000000d0  

PA-3-3       0.2329292240072984d0        0.0000000000000000d0        0.0000000000000000d0        0.0000000000000000d0        0.0000000000000000d0        0.0000000000000000d0        0.0000000000000000d0        0.0000000000000000d0       -0.6246837052776032d0        0.0000000000000000d0        0.0000000000000000d0        0.0000000000000000d0        0.0000000000000000d0        0.0000000000000000d0        0.0000000000000000d0        0.0000000000000000d0       -0.6246837052776032d0        0.0000000000000000d0        0.0000000000000000d0        0.0000000000000000d0        0.0000000000000000d0        0.0000000000000000d0        0.0000000000000000d0        0.0000000000000000d0        0.3834971102964697d0        0.0000000000000000d0        0.0000000000000000d0        0.0000000000000000d0        0.0000000000000000d0        0.0000000000000000d0        0.0000000000000000d0        0.0000000000000000d0        0.3834971102964697d0        0.0000000000000000d0        0.0000000000000000d0        0.0000000000000000d0        0.0000000000000000d0        0.0000000000000000d0        0.0000000000000000d0        0.0000000000000000d0       -1.1981536725548105d0        0.0000000000000000d0        0.0000000000000000d0        0.0000000000000000d0        0.0000000000000000d0        0.0000000000000000d0        0.0000000000000000d0        0.0000000000000000d0       -1.1981536725548105d0  

PB-3-3  -19006.3110797818844731d0        0.0000000000000000d0        0.0000000000000000d0        0.0000000000000000d0        0.0000000000000000d0        0.0000000000000000d0        0.0000000000000000d0        0.0000000000000000d0     7024.9319980418904379d0        0.0000000000000000d0        0.0000000000000000d0        0.0000000000000000d0        0.0000000000000000d0        0.0000000000000000d0        0.0000000000000000d0        0.0000000000000000d0     7024.9319980418904379d0        0.0000000000000000d0        0.0000000000000000d0        0.0000000000000000d0        0.0000000000000000d0        0.0000000000000000d0        0.0000000000000000d0        0.0000000000000000d0     9122.6070773255105451d0        0.0000000000000000d0        0.0000000000000000d0        0.0000000000000000d0        0.0000000000000000d0        0.0000000000000000d0        0.0000000000000000d0        0.0000000000000000d0     9122.6070773255105451d0        0.0000000000000000d0        0.0000000000000000d0        0.0000000000000000d0        0.0000000000000000d0        0.0000000000000000d0        0.0000000000000000d0        0.0000000000000000d0    -6716.5575935583274259d0        0.0000000000000000d0        0.0000000000000000d0        0.0000000000000000d0        0.0000000000000000d0        0.0000000000000000d0        0.0000000000000000d0        0.0000000000000000d0    -6716.5575935583274259d0  

D-1-1-1-1       0.0001371292857236d0        0.0000000000000000d0        0.0000000000000000d0        0.0000000000000000d0       -0.0005150363126797d0        0.0000000000000000d0        0.0000000000000000d0        0.0000000000000000d0       -0.0005150363126797d0        0.0000000000000000d0        0.0000000000000000d0        0.0000000000000000d0        0.0000000000000000d0        0.0000000000000000d0        0.0000000000000000d0        0.0000000000000000d0        0.0000000000000000d0        0.0000000000000000d0        0.0000000000000000d0        0.0000000000000000d0        0.0000000000000000d0        0.0000000000000000d0        0.0000000000000000d0        0.0000000000000000d0        0.0000000000000000d0        0.0000000000000000d0        0.0000000000000000d0        0.0000000000000000d0        0.0000000000000000d0        0.0000000000000000d0        0.0000000000000000d0        0.0000000000000000d0        0.0000000000000000d0        0.0000000000000000d0        0.0000000000000000d0        0.0000000000000000d0       -0.0001228534149359d0        0.0000000000000000d0        0.0000000000000000d0        0.0000000000000000d0       -0.0003504830640126d0        0.0000000000000000d0        0.0000000000000000d0        0.0000000000000000d0       -0.0003504830640126d0        0.0000000000000000d0        0.0000000000000000d0        0.0000000000000000d0        0.0000000000000000d0        0.0000000000000000d0        0.0000000000000000d0        0.0000000000000000d0        0.0000000000000000d0        0.0000000000000000d0        0.0000000000000000d0        0.0000000000000000d0        0.0000000000000000d0        0.0000000000000000d0        0.0000000000000000d0        0.0000000000000000d0        0.0000000000000000d0        0.0000000000000000d0        0.0000000000000000d0        0.0000000000000000d0        0.0000000000000000d0        0.0000000000000000d0        0.0000000000000000d0        0.0000000000000000d0        0.0000000000000000d0        0.0000000000000000d0        0.0000000000000000d0        0.0000000000000000d0       -0.0001228534149359d0        0.0000000000000000d0        0.0000000000000000d0        0.0000000000000000d0       -0.0003504830640126d0        0.0000000000000000d0        0.0000000000000000d0        0.0000000000000000d0       -0.0003504830640126d0  

D-1-1-1-2       0.0000000000000000d0        0.0000000000000000d0        0.0000000000000000d0        0.0000000000000000d0        0.0000000000000000d0        0.0000000000000000d0        0.0000000000000000d0        0.0000000000000000d0        0.0000000000000000d0        0.0000000000000000d0        0.0000000000000000d0        0.0000000000000000d0        0.0000000000000000d0        0.0000000000000000d0        0.0000000000000000d0        0.0000000000000000d0        0.0000000000000000d0        0.0000000000000000d0        0.0000000000000000d0        0.0000000000000000d0        0.0000000000000000d0        0.0000000000000000d0        0.0000000000000000d0        0.0000000000000000d0        0.0000000000000000d0        0.0000000000000000d0        0.0000000000000000d0        0.0000000000000000d0        0.0000000000000000d0        0.0000000000000000d0        0.0000000000000000d0        0.0000000000000000d0        0.0000000000000000d0        0.0000000000000000d0        0.0000000000000000d0        0.0000000000000000d0        0.0000000000000000d0        0.0000000000000000d0        0.0000000000000000d0        0.0000000000000000d0        0.0000000000000000d0        0.0000000000000000d0        0.0000000000000000d0        0.0000000000000000d0        0.0000000000000000d0        0.0000000000000000d0        0.0000000000000000d0        0.0000000000000000d0        0.0000000000000000d0        0.0000000000000000d0        0.0000000000000000d0        0.0000000000000000d0        0.0000000000000000d0        0.0000000000000000d0        0.0000000000000000d0        0.0000000000000000d0        0.0000000000000000d0        0.0000000000000000d0        0.0000000000000000d0        0.0000000000000000d0        0.0000000000000000d0        0.0000000000000000d0        0.0000000000000000d0        0.0000000000000000d0        0.0000000000000000d0        0.0000000000000000d0        0.0000000000000000d0        0.0000000000000000d0        0.0000000000000000d0        0.0000000000000000d0        0.0000000000000000d0        0.0000000000000000d0        0.0000000000000000d0        0.0000000000000000d0        0.0000000000000000d0        0.0000000000000000d0        0.0000000000000000d0        0.0000000000000000d0        0.0000000000000000d0        0.0000000000000000d0        0.0000000000000000d0        0.0000000000000000d0        0.0000000000000000d0        0.0000000000000000d0        0.0000000000000000d0        0.0000000000000000d0        0.0000000000000000d0        0.0000000000000000d0        0.0000000000000000d0        0.0000000000000000d0        0.0000000000000000d0        0.0000000000000000d0        0.0000000000000000d0        0.0000000000000000d0        0.0000000000000000d0        0.0000000000000000d0        0.0000000000000000d0        0.0000000000000000d0        0.0000000000000000d0        0.0000000000000000d0        0.0000000000000000d0        0.0000000000000000d0        0.0000000000000000d0        0.0000000000000000d0        0.0000000000000000d0        0.0000000000000000d0        0.0000000000000000d0        0.0000000000000000d0        0.0000000000000000d0        0.0000000000000000d0        0.0000000000000000d0        0.0000000000000000d0        0.0000000000000000d0        0.0000000000000000d0        0.0000000000000000d0        0.0000000000000000d0        0.0000000000000000d0        0.0000000000000000d0        0.0000000000000000d0        0.0000000000000000d0        0.0000000000000000d0        0.0000000000000000d0        0.0000000000000000d0        0.0000000000000000d0        0.0000000000000000d0        0.0000000000000000d0        0.0000000000000000d0        0.0000000000000000d0        0.0000000000000000d0        0.0000000000000000d0        0.0000000000000000d0        0.0000000000000000d0        0.0000000000000000d0        0.0000000000000000d0        0.0000000000000000d0  

D-1-1-1-3       0.4262738527074017d0        0.0000000000000000d0        0.0000000000000000d0        0.0000000000000000d0        0.0000000000000000d0        0.0000000000000000d0        0.0000000000000000d0        0.0000000000000000d0       -0.1910330404762743d0        0.0000000000000000d0        0.0000000000000000d0        0.0000000000000000d0        0.0000000000000000d0        0.0000000000000000d0        0.0000000000000000d0        0.0000000000000000d0       -0.1910330404762743d0        0.0000000000000000d0        0.0000000000000000d0        0.0000000000000000d0        0.0000000000000000d0        0.0000000000000000d0        0.0000000000000000d0        0.0000000000000000d0        0.0000000000000000d0        0.0000000000000000d0        0.0000000000000000d0        0.0000000000000000d0        0.0000000000000000d0        0.0000000000000000d0        0.0000000000000000d0        0.0000000000000000d0        0.0000000000000000d0        0.0000000000000000d0        0.0000000000000000d0        0.0000000000000000d0        0.0000000000000000d0        0.0000000000000000d0        0.0000000000000000d0        0.0000000000000000d0        0.0000000000000000d0        0.0000000000000000d0        0.0000000000000000d0        0.0000000000000000d0        0.0000000000000000d0        0.0000000000000000d0        0.0000000000000000d0        0.0000000000000000d0        0.0000000000000000d0        0.0000000000000000d0        0.0000000000000000d0        0.0000000000000000d0        0.0000000000000000d0        0.0000000000000000d0        0.0000000000000000d0        0.0000000000000000d0        0.0000000000000000d0        0.0000000000000000d0        0.0000000000000000d0        0.0000000000000000d0        0.0000000000000000d0        0.0000000000000000d0        0.0000000000000000d0        0.0000000000000000d0        0.0000000000000000d0        0.0000000000000000d0        0.0000000000000000d0        0.0000000000000000d0        0.0000000000000000d0        0.0000000000000000d0        0.0000000000000000d0        0.0000000000000000d0        0.0000000000000000d0        0.0000000000000000d0        0.0000000000000000d0        0.0000000000000000d0        0.0000000000000000d0        0.0000000000000000d0        0.0000000000000000d0        0.0000000000000000d0        0.0000000000000000d0        0.0000000000000000d0        0.0000000000000000d0        0.0000000000000000d0        0.2570358569984720d0        0.0000000000000000d0        0.0000000000000000d0        0.0000000000000000d0        0.0000000000000000d0        0.0000000000000000d0        0.0000000000000000d0        0.0000000000000000d0       -0.0618658174313278d0        0.0000000000000000d0        0.0000000000000000d0        0.0000000000000000d0        0.0000000000000000d0        0.0000000000000000d0        0.0000000000000000d0        0.0000000000000000d0       -0.0618658174313278d0        0.0000000000000000d0        0.0000000000000000d0        0.0000000000000000d0        0.0000000000000000d0        0.0000000000000000d0        0.0000000000000000d0        0.0000000000000000d0        0.0000000000000000d0        0.0000000000000000d0        0.0000000000000000d0        0.0000000000000000d0        0.0000000000000000d0        0.0000000000000000d0        0.0000000000000000d0        0.0000000000000000d0        0.0000000000000000d0        0.0000000000000000d0        0.0000000000000000d0        0.0000000000000000d0        0.0000000000000000d0        0.0000000000000000d0        0.0000000000000000d0        0.0000000000000000d0        0.0000000000000000d0        0.0000000000000000d0        0.0000000000000000d0        0.0000000000000000d0        0.0000000000000000d0        0.0000000000000000d0        0.0000000000000000d0        0.0000000000000000d0        0.0000000000000000d0        0.0000000000000000d0        0.0000000000000000d0        0.0000000000000000d0        0.0000000000000000d0        0.0000000000000000d0        0.0000000000000000d0        0.0000000000000000d0        0.0000000000000000d0        0.0000000000000000d0        0.0000000000000000d0        0.0000000000000000d0        0.0000000000000000d0        0.0000000000000000d0        0.0000000000000000d0        0.0000000000000000d0        0.0000000000000000d0        0.0000000000000000d0        0.0000000000000000d0        0.0000000000000000d0        0.0000000000000000d0        0.0000000000000000d0        0.0000000000000000d0        0.0000000000000000d0        0.0000000000000000d0        0.0000000000000000d0        0.0000000000000000d0        0.0000000000000000d0        0.0000000000000000d0        0.0000000000000000d0        0.0000000000000000d0        0.0000000000000000d0        0.0000000000000000d0        0.0000000000000000d0        0.0000000000000000d0        0.0000000000000000d0        0.2570358569984720d0        0.0000000000000000d0        0.0000000000000000d0        0.0000000000000000d0        0.0000000000000000d0        0.0000000000000000d0        0.0000000000000000d0        0.0000000000000000d0       -0.0618658174313278d0        0.0000000000000000d0        0.0000000000000000d0        0.0000000000000000d0        0.0000000000000000d0        0.0000000000000000d0        0.0000000000000000d0        0.0000000000000000d0       -0.0618658174313278d0        0.0000000000000000d0        0.0000000000000000d0        0.0000000000000000d0        0.0000000000000000d0  

D-1-1-2-2     167.9137817704977635d0        0.0000000000000000d0        0.0000000000000000d0        0.0000000000000000d0        0.0000000000000000d0        0.0000000000000000d0       16.6538209414945051d0        0.0000000000000000d0        0.0000000000000000d0        0.0000000000000000d0        0.0000000000000000d0        0.0000000000000000d0       16.6538209414945051d0        0.0000000000000000d0        0.0000000000000000d0        0.0000000000000000d0        0.0000000000000000d0        0.0000000000000000d0     -240.4550397668186292d0        0.0000000000000000d0        0.0000000000000000d0        0.0000000000000000d0        0.0000000000000000d0        0.0000000000000000d0     -240.4550397668186292d0        0.0000000000000000d0        0.0000000000000000d0        0.0000000000000000d0        0.0000000000000000d0        0.0000000000000000d0        0.0000000000000000d0        0.0000000000000000d0        0.0000000000000000d0        0.0000000000000000d0        0.0000000000000000d0        0.0000000000000000d0        0.0000000000000000d0        0.0000000000000000d0        0.0000000000000000d0        0.0000000000000000d0        0.0000000000000000d0        0.0000000000000000d0        0.0000000000000000d0        0.0000000000000000d0        0.0000000000000000d0        0.0000000000000000d0        0.0000000000000000d0        0.0000000000000000d0        0.0000000000000000d0        0.0000000000000000d0        0.0000000000000000d0        0.0000000000000000d0        0.0000000000000000d0        0.0000000000000000d0        0.0000000000000000d0        0.0000000000000000d0        0.0000000000000000d0        0.0000000000000000d0        0.0000000000000000d0        0.0000000000000000d0        0.0000000000000000d0        0.0000000000000000d0        0.0000000000000000d0        0.0000000000000000d0        0.0000000000000000d0        0.0000000000000000d0        0.0000000000000000d0        0.0000000000000000d0        0.0000000000000000d0        0.0000000000000000d0        0.0000000000000000d0        0.0000000000000000d0        0.0000000000000000d0        0.0000000000000000d0        0.0000000000000000d0        0.0000000000000000d0        0.0000000000000000d0        0.0000000000000000d0        0.0000000000000000d0        0.0000000000000000d0        0.0000000000000000d0        0.0000000000000000d0        0.0000000000000000d0        0.0000000000000000d0        0.0000000000000000d0        0.0000000000000000d0        0.0000000000000000d0        0.0000000000000000d0        0.0000000000000000d0        0.0000000000000000d0        0.0000000000000000d0        0.0000000000000000d0        0.0000000000000000d0        0.0000000000000000d0        0.0000000000000000d0        0.0000000000000000d0        0.0000000000000000d0        0.0000000000000000d0        0.0000000000000000d0        0.0000000000000000d0       32.9842124552350100d0        0.0000000000000000d0        0.0000000000000000d0        0.0000000000000000d0        0.0000000000000000d0        0.0000000000000000d0      -24.8246133061348075d0        0.0000000000000000d0        0.0000000000000000d0        0.0000000000000000d0        0.0000000000000000d0        0.0000000000000000d0      -24.8246133061348075d0        0.0000000000000000d0        0.0000000000000000d0        0.0000000000000000d0        0.0000000000000000d0        0.0000000000000000d0     -118.1600015819039839d0        0.0000000000000000d0        0.0000000000000000d0        0.0000000000000000d0        0.0000000000000000d0        0.0000000000000000d0     -118.1600015819039839d0        0.0000000000000000d0        0.0000000000000000d0        0.0000000000000000d0        0.0000000000000000d0        0.0000000000000000d0        0.0000000000000000d0        0.0000000000000000d0        0.0000000000000000d0        0.0000000000000000d0        0.0000000000000000d0        0.0000000000000000d0        0.0000000000000000d0        0.0000000000000000d0        0.0000000000000000d0        0.0000000000000000d0        0.0000000000000000d0        0.0000000000000000d0        0.0000000000000000d0        0.0000000000000000d0        0.0000000000000000d0        0.0000000000000000d0        0.0000000000000000d0        0.0000000000000000d0        0.0000000000000000d0        0.0000000000000000d0        0.0000000000000000d0        0.0000000000000000d0        0.0000000000000000d0        0.0000000000000000d0        0.0000000000000000d0        0.0000000000000000d0        0.0000000000000000d0        0.0000000000000000d0        0.0000000000000000d0        0.0000000000000000d0        0.0000000000000000d0        0.0000000000000000d0        0.0000000000000000d0        0.0000000000000000d0        0.0000000000000000d0        0.0000000000000000d0        0.0000000000000000d0        0.0000000000000000d0        0.0000000000000000d0        0.0000000000000000d0        0.0000000000000000d0        0.0000000000000000d0        0.0000000000000000d0        0.0000000000000000d0        0.0000000000000000d0        0.0000000000000000d0        0.0000000000000000d0        0.0000000000000000d0        0.0000000000000000d0        0.0000000000000000d0        0.0000000000000000d0        0.0000000000000000d0        0.0000000000000000d0        0.0000000000000000d0        0.0000000000000000d0        0.0000000000000000d0        0.0000000000000000d0        0.0000000000000000d0        0.0000000000000000d0        0.0000000000000000d0        0.0000000000000000d0        0.0000000000000000d0        0.0000000000000000d0        0.0000000000000000d0        0.0000000000000000d0        0.0000000000000000d0        0.0000000000000000d0        0.0000000000000000d0        0.0000000000000000d0        0.0000000000000000d0       32.9842124552350100d0        0.0000000000000000d0        0.0000000000000000d0        0.0000000000000000d0        0.0000000000000000d0        0.0000000000000000d0      -24.8246133061348075d0        0.0000000000000000d0        0.0000000000000000d0        0.0000000000000000d0        0.0000000000000000d0        0.0000000000000000d0      -24.8246133061348075d0        0.0000000000000000d0        0.0000000000000000d0        0.0000000000000000d0        0.0000000000000000d0        0.0000000000000000d0     -118.1600015819039839d0        0.0000000000000000d0        0.0000000000000000d0        0.0000000000000000d0        0.0000000000000000d0        0.0000000000000000d0     -118.1600015819039839d0  

D-1-2-1-1       0.0021690784071113d0        0.0000000000000000d0        0.0000000000000000d0        0.0000000000000000d0        0.0013758345890950d0        0.0000000000000000d0        0.0000000000000000d0        0.0000000000000000d0        0.0013758345890950d0        0.0000000000000000d0        0.0000000000000000d0        0.0000000000000000d0        0.0000000000000000d0        0.0000000000000000d0        0.0000000000000000d0        0.0000000000000000d0        0.0000000000000000d0        0.0000000000000000d0        0.0000000000000000d0        0.0000000000000000d0        0.0000000000000000d0        0.0000000000000000d0        0.0000000000000000d0        0.0000000000000000d0        0.0000000000000000d0        0.0000000000000000d0        0.0000000000000000d0        0.0000000000000000d0        0.0000000000000000d0        0.0000000000000000d0        0.0000000000000000d0        0.0000000000000000d0        0.0000000000000000d0        0.0000000000000000d0        0.0000000000000000d0        0.0000000000000000d0        0.0000000000000000d0        0.0000000000000000d0        0.0000000000000000d0        0.0000000000000000d0        0.0000000000000000d0        0.0000000000000000d0        0.0000000000000000d0        0.0000000000000000d0        0.0000000000000000d0        0.0000000000000000d0        0.0000000000000000d0        0.0000000000000000d0        0.0000000000000000d0        0.0000000000000000d0        0.0000000000000000d0        0.0000000000000000d0        0.0000000000000000d0        0.0000000000000000d0       -0.0028266068265443d0        0.0000000000000000d0        0.0000000000000000d0        0.0000000000000000d0       -0.0023585750857504d0        0.0000000000000000d0        0.0000000000000000d0        0.0000000000000000d0       -0.0023585750857504d0        0.0000000000000000d0        0.0000000000000000d0        0.0000000000000000d0        0.0000000000000000d0        0.0000000000000000d0        0.0000000000000000d0        0.0000000000000000d0        0.0000000000000000d0        0.0000000000000000d0        0.0000000000000000d0        0.0000000000000000d0        0.0000000000000000d0        0.0000000000000000d0        0.0000000000000000d0        0.0000000000000000d0        0.0000000000000000d0        0.0000000000000000d0        0.0000000000000000d0        0.0000000000000000d0        0.0000000000000000d0        0.0000000000000000d0        0.0000000000000000d0        0.0000000000000000d0        0.0000000000000000d0        0.0000000000000000d0        0.0000000000000000d0        0.0000000000000000d0        0.0000000000000000d0        0.0000000000000000d0        0.0000000000000000d0        0.0000000000000000d0        0.0000000000000000d0        0.0000000000000000d0        0.0000000000000000d0        0.0000000000000000d0        0.0000000000000000d0        0.0000000000000000d0        0.0000000000000000d0        0.0000000000000000d0        0.0000000000000000d0        0.0000000000000000d0        0.0000000000000000d0        0.0000000000000000d0        0.0000000000000000d0        0.0000000000000000d0       -0.0028266068265443d0        0.0000000000000000d0        0.0000000000000000d0        0.0000000000000000d0       -0.0023585750857504d0        0.0000000000000000d0        0.0000000000000000d0        0.0000000000000000d0       -0.0023585750857504d0        0.0000000000000000d0        0.0000000000000000d0        0.0000000000000000d0        0.0000000000000000d0        0.0000000000000000d0        0.0000000000000000d0        0.0000000000000000d0        0.0000000000000000d0        0.0000000000000000d0        0.0000000000000000d0        0.0000000000000000d0        0.0000000000000000d0        0.0000000000000000d0        0.0000000000000000d0        0.0000000000000000d0        0.0000000000000000d0        0.0000000000000000d0        0.0000000000000000d0  

D-1-2-1-2       0.0000000000000000d0        0.0000000000000000d0        0.0000000000000000d0        0.0000000000000000d0        0.0000000000000000d0        0.0000000000000000d0        0.0000000000000000d0        0.0000000000000000d0        0.0000000000000000d0        0.0000000000000000d0        0.0000000000000000d0        0.0000000000000000d0        0.0000000000000000d0        0.0000000000000000d0        0.0000000000000000d0        0.0000000000000000d0        0.0000000000000000d0        0.0000000000000000d0        0.0000000000000000d0        0.0000000000000000d0        0.0000000000000000d0        0.0000000000000000d0        0.0000000000000000d0        0.0000000000000000d0        0.0000000000000000d0        0.0000000000000000d0        0.0000000000000000d0        0.0000000000000000d0        0.0000000000000000d0        0.0000000000000000d0        0.0000000000000000d0        0.0000000000000000d0        0.0000000000000000d0        0.0000000000000000d0        0.0000000000000000d0        0.0000000000000000d0        0.0000000000000000d0        0.0000000000000000d0        0.0000000000000000d0        0.0000000000000000d0        0.0000000000000000d0        0.0000000000000000d0        0.0000000000000000d0        0.0000000000000000d0        0.0000000000000000d0        0.0000000000000000d0        0.0000000000000000d0        0.0000000000000000d0        0.0000000000000000d0        0.0000000000000000d0        0.0000000000000000d0        0.0000000000000000d0        0.0000000000000000d0        0.0000000000000000d0        0.0000000000000000d0        0.0000000000000000d0        0.0000000000000000d0        0.0000000000000000d0        0.0000000000000000d0        0.0000000000000000d0        0.0000000000000000d0        0.0000000000000000d0        0.0000000000000000d0        0.0000000000000000d0        0.0000000000000000d0        0.0000000000000000d0        0.0000000000000000d0        0.0000000000000000d0        0.0000000000000000d0        0.0000000000000000d0        0.0000000000000000d0        0.0000000000000000d0        0.0000000000000000d0        0.0000000000000000d0        0.0000000000000000d0        0.0000000000000000d0        0.0000000000000000d0        0.0000000000000000d0        0.0000000000000000d0        0.0000000000000000d0        0.0000000000000000d0        0.0000000000000000d0        0.0000000000000000d0        0.0000000000000000d0        0.0000000000000000d0        0.0000000000000000d0        0.0000000000000000d0        0.0000000000000000d0        0.0000000000000000d0        0.0000000000000000d0        0.0000000000000000d0        0.0000000000000000d0        0.0000000000000000d0        0.0000000000000000d0        0.0000000000000000d0        0.0000000000000000d0        0.0000000000000000d0        0.0000000000000000d0        0.0000000000000000d0        0.0000000000000000d0        0.0000000000000000d0        0.0000000000000000d0        0.0000000000000000d0        0.0000000000000000d0        0.0000000000000000d0        0.0000000000000000d0        0.0000000000000000d0        0.0000000000000000d0        0.0000000000000000d0        0.0000000000000000d0        0.0000000000000000d0        0.0000000000000000d0        0.0000000000000000d0        0.0000000000000000d0        0.0000000000000000d0        0.0000000000000000d0        0.0000000000000000d0        0.0000000000000000d0        0.0000000000000000d0        0.0000000000000000d0        0.0000000000000000d0        0.0000000000000000d0        0.0000000000000000d0        0.0000000000000000d0        0.0000000000000000d0        0.0000000000000000d0        0.0000000000000000d0        0.0000000000000000d0        0.0000000000000000d0        0.0000000000000000d0        0.0000000000000000d0        0.0000000000000000d0        0.0000000000000000d0        0.0000000000000000d0        0.0000000000000000d0        0.0000000000000000d0        0.0000000000000000d0        0.0000000000000000d0        0.0000000000000000d0        0.0000000000000000d0        0.0000000000000000d0        0.0000000000000000d0        0.0000000000000000d0        0.0000000000000000d0        0.0000000000000000d0        0.0000000000000000d0        0.0000000000000000d0        0.0000000000000000d0        0.0000000000000000d0        0.0000000000000000d0        0.0000000000000000d0        0.0000000000000000d0        0.0000000000000000d0        0.0000000000000000d0        0.0000000000000000d0        0.0000000000000000d0        0.0000000000000000d0        0.0000000000000000d0        0.0000000000000000d0        0.0000000000000000d0        0.0000000000000000d0        0.0000000000000000d0        0.0000000000000000d0        0.0000000000000000d0        0.0000000000000000d0        0.0000000000000000d0        0.0000000000000000d0        0.0000000000000000d0        0.0000000000000000d0        0.0000000000000000d0        0.0000000000000000d0        0.0000000000000000d0        0.0000000000000000d0        0.0000000000000000d0        0.0000000000000000d0        0.0000000000000000d0        0.0000000000000000d0        0.0000000000000000d0        0.0000000000000000d0        0.0000000000000000d0        0.0000000000000000d0        0.0000000000000000d0        0.0000000000000000d0        0.0000000000000000d0        0.0000000000000000d0        0.0000000000000000d0        0.0000000000000000d0        0.0000000000000000d0        0.0000000000000000d0        0.0000000000000000d0        0.0000000000000000d0        0.0000000000000000d0        0.0000000000000000d0        0.0000000000000000d0        0.0000000000000000d0        0.0000000000000000d0        0.0000000000000000d0        0.0000000000000000d0        0.0000000000000000d0        0.0000000000000000d0        0.0000000000000000d0        0.0000000000000000d0        0.0000000000000000d0        0.0000000000000000d0        0.0000000000000000d0        0.0000000000000000d0        0.0000000000000000d0        0.0000000000000000d0        0.0000000000000000d0        0.0000000000000000d0        0.0000000000000000d0        0.0000000000000000d0        0.0000000000000000d0        0.0000000000000000d0        0.0000000000000000d0        0.0000000000000000d0        0.0000000000000000d0        0.0000000000000000d0        0.0000000000000000d0        0.0000000000000000d0        0.0000000000000000d0        0.0000000000000000d0        0.0000000000000000d0        0.0000000000000000d0        0.0000000000000000d0  

D-1-3-1-1       0.0373898004533215d0        0.0000000000000000d0        0.0000000000000000d0        0.0000000000000000d0        0.0431124266984077d0        0.0000000000000000d0        0.0000000000000000d0        0.0000000000000000d0        0.0431124266984077d0        0.0000000000000000d0        0.0000000000000000d0        0.0000000000000000d0        0.0000000000000000d0        0.0000000000000000d0        0.0000000000000000d0        0.0000000000000000d0        0.0000000000000000d0        0.0000000000000000d0        0.0000000000000000d0        0.0000000000000000d0        0.0000000000000000d0        0.0000000000000000d0        0.0000000000000000d0        0.0000000000000000d0        0.0000000000000000d0        0.0000000000000000d0        0.0000000000000000d0        0.0000000000000000d0        0.0000000000000000d0        0.0000000000000000d0        0.0000000000000000d0        0.0000000000000000d0        0.0000000000000000d0        0.0000000000000000d0        0.0000000000000000d0        0.0000000000000000d0        0.0000000000000000d0        0.0000000000000000d0        0.0000000000000000d0        0.0000000000000000d0        0.0000000000000000d0        0.0000000000000000d0        0.0000000000000000d0        0.0000000000000000d0        0.0000000000000000d0        0.0000000000000000d0        0.0000000000000000d0        0.0000000000000000d0        0.0000000000000000d0        0.0000000000000000d0        0.0000000000000000d0        0.0000000000000000d0        0.0000000000000000d0        0.0000000000000000d0        0.0000000000000000d0        0.0000000000000000d0        0.0000000000000000d0        0.0000000000000000d0        0.0000000000000000d0        0.0000000000000000d0        0.0000000000000000d0        0.0000000000000000d0        0.0000000000000000d0        0.0000000000000000d0        0.0000000000000000d0        0.0000000000000000d0        0.0000000000000000d0        0.0000000000000000d0        0.0000000000000000d0        0.0000000000000000d0        0.0000000000000000d0        0.0000000000000000d0       -0.1355472711175895d0        0.0000000000000000d0        0.0000000000000000d0        0.0000000000000000d0        0.0265627856832293d0        0.0000000000000000d0        0.0000000000000000d0        0.0000000000000000d0        0.0265627856832293d0        0.0000000000000000d0        0.0000000000000000d0        0.0000000000000000d0        0.0000000000000000d0        0.0000000000000000d0        0.0000000000000000d0        0.0000000000000000d0        0.0000000000000000d0        0.0000000000000000d0        0.0000000000000000d0        0.0000000000000000d0        0.0000000000000000d0        0.0000000000000000d0        0.0000000000000000d0        0.0000000000000000d0        0.0000000000000000d0        0.0000000000000000d0        0.0000000000000000d0        0.0000000000000000d0        0.0000000000000000d0        0.0000000000000000d0        0.0000000000000000d0        0.0000000000000000d0        0.0000000000000000d0        0.0000000000000000d0        0.0000000000000000d0        0.0000000000000000d0        0.0000000000000000d0        0.0000000000000000d0        0.0000000000000000d0        0.0000000000000000d0        0.0000000000000000d0        0.0000000000000000d0        0.0000000000000000d0        0.0000000000000000d0        0.0000000000000000d0        0.0000000000000000d0        0.0000000000000000d0        0.0000000000000000d0        0.0000000000000000d0        0.0000000000000000d0        0.0000000000000000d0        0.0000000000000000d0        0.0000000000000000d0        0.0000000000000000d0        0.0000000000000000d0        0.0000000000000000d0        0.0000000000000000d0        0.0000000000000000d0        0.0000000000000000d0        0.0000000000000000d0        0.0000000000000000d0        0.0000000000000000d0        0.0000000000000000d0        0.0000000000000000d0        0.0000000000000000d0        0.0000000000000000d0        0.0000000000000000d0        0.0000000000000000d0        0.0000000000000000d0        0.0000000000000000d0        0.0000000000000000d0        0.0000000000000000d0       -0.1355472711175895d0        0.0000000000000000d0        0.0000000000000000d0        0.0000000000000000d0        0.0265627856832293d0        0.0000000000000000d0        0.0000000000000000d0        0.0000000000000000d0        0.0265627856832293d0        0.0000000000000000d0        0.0000000000000000d0        0.0000000000000000d0        0.0000000000000000d0        0.0000000000000000d0        0.0000000000000000d0        0.0000000000000000d0        0.0000000000000000d0        0.0000000000000000d0        0.0000000000000000d0        0.0000000000000000d0        0.0000000000000000d0        0.0000000000000000d0        0.0000000000000000d0        0.0000000000000000d0        0.0000000000000000d0        0.0000000000000000d0        0.0000000000000000d0        0.0000000000000000d0        0.0000000000000000d0        0.0000000000000000d0        0.0000000000000000d0        0.0000000000000000d0        0.0000000000000000d0        0.0000000000000000d0        0.0000000000000000d0        0.0000000000000000d0        0.0000000000000000d0        0.0000000000000000d0        0.0000000000000000d0        0.0000000000000000d0        0.0000000000000000d0        0.0000000000000000d0        0.0000000000000000d0        0.0000000000000000d0        0.0000000000000000d0  

D-2-2-1-1    -382.6742889084677586d0        0.0000000000000000d0        0.0000000000000000d0        0.0000000000000000d0      287.4910342582485896d0        0.0000000000000000d0        0.0000000000000000d0        0.0000000000000000d0      287.4910342582485896d0        0.0000000000000000d0        0.0000000000000000d0        0.0000000000000000d0        0.0000000000000000d0        0.0000000000000000d0        0.0000000000000000d0        0.0000000000000000d0        0.0000000000000000d0        0.0000000000000000d0        0.0000000000000000d0        0.0000000000000000d0        0.0000000000000000d0        0.0000000000000000d0        0.0000000000000000d0        0.0000000000000000d0        0.0000000000000000d0        0.0000000000000000d0        0.0000000000000000d0        0.0000000000000000d0        0.0000000000000000d0        0.0000000000000000d0        0.0000000000000000d0        0.0000000000000000d0        0.0000000000000000d0        0.0000000000000000d0        0.0000000000000000d0        0.0000000000000000d0        0.0000000000000000d0        0.0000000000000000d0        0.0000000000000000d0        0.0000000000000000d0        0.0000000000000000d0        0.0000000000000000d0        0.0000000000000000d0        0.0000000000000000d0        0.0000000000000000d0        0.0000000000000000d0        0.0000000000000000d0        0.0000000000000000d0        0.0000000000000000d0        0.0000000000000000d0        0.0000000000000000d0        0.0000000000000000d0        0.0000000000000000d0        0.0000000000000000d0     -301.1758036717500318d0        0.0000000000000000d0        0.0000000000000000d0        0.0000000000000000d0      239.0101442040137556d0        0.0000000000000000d0        0.0000000000000000d0        0.0000000000000000d0      239.0101442040137556d0        0.0000000000000000d0        0.0000000000000000d0        0.0000000000000000d0        0.0000000000000000d0        0.0000000000000000d0        0.0000000000000000d0        0.0000000000000000d0        0.0000000000000000d0        0.0000000000000000d0        0.0000000000000000d0        0.0000000000000000d0        0.0000000000000000d0        0.0000000000000000d0        0.0000000000000000d0        0.0000000000000000d0        0.0000000000000000d0        0.0000000000000000d0        0.0000000000000000d0        0.0000000000000000d0        0.0000000000000000d0        0.0000000000000000d0        0.0000000000000000d0        0.0000000000000000d0        0.0000000000000000d0        0.0000000000000000d0        0.0000000000000000d0        0.0000000000000000d0        0.0000000000000000d0        0.0000000000000000d0        0.0000000000000000d0        0.0000000000000000d0        0.0000000000000000d0        0.0000000000000000d0        0.0000000000000000d0        0.0000000000000000d0        0.0000000000000000d0        0.0000000000000000d0        0.0000000000000000d0        0.0000000000000000d0        0.0000000000000000d0        0.0000000000000000d0        0.0000000000000000d0        0.0000000000000000d0        0.0000000000000000d0        0.0000000000000000d0     -301.1758036717500318d0        0.0000000000000000d0        0.0000000000000000d0        0.0000000000000000d0      239.0101442040137556d0        0.0000000000000000d0        0.0000000000000000d0        0.0000000000000000d0      239.0101442040137556d0        0.0000000000000000d0        0.0000000000000000d0        0.0000000000000000d0        0.0000000000000000d0        0.0000000000000000d0        0.0000000000000000d0        0.0000000000000000d0        0.0000000000000000d0        0.0000000000000000d0        0.0000000000000000d0        0.0000000000000000d0        0.0000000000000000d0        0.0000000000000000d0        0.0000000000000000d0        0.0000000000000000d0        0.0000000000000000d0        0.0000000000000000d0        0.0000000000000000d0        0.0000000000000000d0        0.0000000000000000d0        0.0000000000000000d0        0.0000000000000000d0        0.0000000000000000d0        0.0000000000000000d0        0.0000000000000000d0        0.0000000000000000d0        0.0000000000000000d0        0.0000000000000000d0        0.0000000000000000d0        0.0000000000000000d0        0.0000000000000000d0        0.0000000000000000d0        0.0000000000000000d0        0.0000000000000000d0        0.0000000000000000d0        0.0000000000000000d0        0.0000000000000000d0        0.0000000000000000d0        0.0000000000000000d0        0.0000000000000000d0        0.0000000000000000d0        0.0000000000000000d0        0.0000000000000000d0        0.0000000000000000d0        0.0000000000000000d0     -115.9198724487040550d0        0.0000000000000000d0        0.0000000000000000d0        0.0000000000000000d0      118.3265079179181214d0        0.0000000000000000d0        0.0000000000000000d0        0.0000000000000000d0      118.3265079179181214d0        0.0000000000000000d0        0.0000000000000000d0        0.0000000000000000d0        0.0000000000000000d0        0.0000000000000000d0        0.0000000000000000d0        0.0000000000000000d0        0.0000000000000000d0        0.0000000000000000d0        0.0000000000000000d0        0.0000000000000000d0        0.0000000000000000d0        0.0000000000000000d0        0.0000000000000000d0        0.0000000000000000d0        0.0000000000000000d0        0.0000000000000000d0        0.0000000000000000d0        0.0000000000000000d0        0.0000000000000000d0        0.0000000000000000d0        0.0000000000000000d0        0.0000000000000000d0        0.0000000000000000d0        0.0000000000000000d0        0.0000000000000000d0        0.0000000000000000d0        0.0000000000000000d0        0.0000000000000000d0        0.0000000000000000d0        0.0000000000000000d0        0.0000000000000000d0        0.0000000000000000d0        0.0000000000000000d0        0.0000000000000000d0        0.0000000000000000d0        0.0000000000000000d0        0.0000000000000000d0        0.0000000000000000d0        0.0000000000000000d0        0.0000000000000000d0        0.0000000000000000d0        0.0000000000000000d0        0.0000000000000000d0        0.0000000000000000d0     -115.9198724487040550d0        0.0000000000000000d0        0.0000000000000000d0        0.0000000000000000d0      118.3265079179181214d0        0.0000000000000000d0        0.0000000000000000d0        0.0000000000000000d0      118.3265079179181214d0  

