########################################
#  App version : demo
#  System Name : NNO-CO
#  Date : 07-Aug-2023 20:15:02
#  Euler Convension : ZXZ
########################################


Terms involved in the fitting M-D-I-H:: 

0 0 3 4 5 6 7 8
6 7 8
0 0 6 7 8
0 0

Zero : 
-186812.30783936

 !Molecule A : q, mz, Qz, Oz, Phiz, M5z, M6z, M7z  
   0.00000000d0
 -0.10848172d0   0.00000000d0   0.00000000d0
  1.42888285d0   0.00000000d0   0.00000000d0   0.00000000d0   0.00000000d0
  2.80626124d0   0.00000000d0   0.00000000d0   0.00000000d0   0.00000000d0   0.00000000d0   0.00000000d0
  3.97595808d0   0.00000000d0   0.00000000d0   0.00000000d0   0.00000000d0   0.00000000d0   0.00000000d0   0.00000000d0   0.00000000d0
 62.10532227d0   0.00000000d0   0.00000000d0   0.00000000d0   0.00000000d0   0.00000000d0   0.00000000d0   0.00000000d0   0.00000000d0   0.00000000d0   0.00000000d0
-298.83964356d0   0.00000000d0   0.00000000d0   0.00000000d0   0.00000000d0   0.00000000d0   0.00000000d0   0.00000000d0   0.00000000d0   0.00000000d0   0.00000000d0   0.00000000d0   0.00000000d0
  1.00000000d0   0.00000000d0   0.00000000d0   0.00000000d0   0.00000000d0   0.00000000d0   0.00000000d0   0.00000000d0   0.00000000d0   0.00000000d0   0.00000000d0   0.00000000d0   0.00000000d0   0.00000000d0   0.00000000d0

!Molecule B : q, mz, Qz, Oz, Phiz, M5z, M6z, M7z  
   0.00000000d0
 -0.06575060d0   0.00000000d0   0.00000000d0
 -0.69742213d0   0.00000000d0   0.00000000d0   0.00000000d0   0.00000000d0
 -2.77696609d0   0.00000000d0   0.00000000d0   0.00000000d0   0.00000000d0   0.00000000d0   0.00000000d0
 -5.83189500d0   0.00000000d0   0.00000000d0   0.00000000d0   0.00000000d0   0.00000000d0   0.00000000d0   0.00000000d0   0.00000000d0
 -5.79682316d0   0.00000000d0   0.00000000d0   0.00000000d0   0.00000000d0   0.00000000d0   0.00000000d0   0.00000000d0   0.00000000d0   0.00000000d0   0.00000000d0
1208.38272971d0   0.00000000d0   0.00000000d0   0.00000000d0   0.00000000d0   0.00000000d0   0.00000000d0   0.00000000d0   0.00000000d0   0.00000000d0   0.00000000d0   0.00000000d0   0.00000000d0
  1.00000000d0   0.00000000d0   0.00000000d0   0.00000000d0   0.00000000d0   0.00000000d0   0.00000000d0   0.00000000d0   0.00000000d0   0.00000000d0   0.00000000d0   0.00000000d0   0.00000000d0   0.00000000d0   0.00000000d0

!Polarizability A : dip-dip, dip-Quad, Quad-Quad, dip-Oct 
 -2358.27862670d0   0.00000000d0   0.00000000d0 -1354.31683878d0   0.00000000d0 -1354.31683878d0
5113.94393172d0   0.00000000d0   0.00000000d0   0.00000000d0   0.00000000d0   0.00000000d0 -11383.67263324d0   0.00000000d0   0.00000000d0   0.00000000d0   0.00000000d0   0.00000000d0 -11383.67263324d0   0.00000000d0   0.00000000d0
 -2.15125285d0   0.00000000d0   0.00000000d0   0.00000000d0   0.00000000d0   1.30052866d0   0.00000000d0   0.00000000d0   0.00000000d0   1.30052866d0   0.00000000d0   0.00000000d0   3.09927391d0   0.00000000d0   3.09927391d0
 -2.15125277d0   0.00000000d0   0.00000000d0   0.00000000d0   0.00000000d0   0.00000000d0   0.00000000d0   0.00000000d0   2.59326903d0   0.00000000d0   0.00000000d0   0.00000000d0   0.00000000d0   0.00000000d0   0.00000000d0   0.00000000d0   2.59326903d0   0.00000000d0   0.00000000d0   0.00000000d0   0.00000000d0

!Polarizability B : dip-dip, dip-Quad, Quad-Quad, dip-Oct 
 -3917.54280622d0   0.00000000d0   0.00000000d0 134.87046133d0   0.00000000d0 134.87046133d0
6741.41160766d0   0.00000000d0   0.00000000d0   0.00000000d0   0.00000000d0   0.00000000d0 -6721.27176452d0   0.00000000d0   0.00000000d0   0.00000000d0   0.00000000d0   0.00000000d0 -6721.27176452d0   0.00000000d0   0.00000000d0
 -2.15125277d0   0.00000000d0   0.00000000d0   0.00000000d0   0.00000000d0 56947.51380164d0   0.00000000d0   0.00000000d0   0.00000000d0 56947.51380164d0   0.00000000d0   0.00000000d0   1.79328125d0   0.00000000d0   1.79328125d0
 -0.79568148d0   0.00000000d0   0.00000000d0   0.00000000d0   0.00000000d0   0.00000000d0   0.00000000d0   0.00000000d0  -0.80489787d0   0.00000000d0   0.00000000d0   0.00000000d0   0.00000000d0   0.00000000d0   0.00000000d0   0.00000000d0  -0.80489787d0   0.00000000d0   0.00000000d0   0.00000000d0   0.00000000d0

!Hyperpolarizability A : dip-dip-dip ,  dip-dip-Quad 
   0.00000000d0   0.00000000d0   0.00000000d0   0.00000000d0   0.00000000d0   0.00000000d0   0.00000000d0   0.00000000d0   0.00000000d0   0.00000000d0
  0.00000000d0   0.00000000d0   0.00000000d0   0.00000000d0   0.00000000d0   0.00000000d0   0.00000000d0   0.00000000d0   0.00000000d0   0.00000000d0   0.00000000d0   0.00000000d0   0.00000000d0   0.00000000d0   0.00000000d0   0.00000000d0   0.00000000d0   0.00000000d0   0.00000000d0   0.00000000d0   0.00000000d0   0.00000000d0   0.00000000d0   0.00000000d0   0.00000000d0   0.00000000d0   0.00000000d0   0.00000000d0  -0.00000000d0   0.00000000d0

!Hyperpolarizability B : dip-dip-dip ,  dip-dip-Quad 
   0.00000000d0   0.00000000d0   0.00000000d0   0.00000000d0   0.00000000d0   0.00000000d0   0.00000000d0   0.00000000d0   0.00000000d0   0.00000000d0
  0.00000000d0   0.00000000d0   0.00000000d0   0.00000000d0   0.00000000d0   0.00000000d0   0.00000000d0   0.00000000d0   0.00000000d0   0.00000000d0   0.00000000d0   0.00000000d0   0.00000000d0   0.00000000d0   0.00000000d0   0.00000000d0   0.00000000d0   0.00000000d0   0.00000000d0   0.00000000d0   0.00000000d0   0.00000000d0   0.00000000d0   0.00000000d0   0.00000000d0   0.00000000d0   0.00000000d0   0.00000000d0  -0.00000000d0   0.00000000d0

!Dispersion A-B : dip-dip_dip-dip , dip-Quad_dip-dip , dip-dip_dip-Quad 
 -110.08982750d0   0.00000000d0   0.00000000d0 103.70074707d0   0.00000000d0 103.70074707d0   0.00000000d0   0.00000000d0   0.00000000d0   0.00000000d0   0.00000000d0   0.00000000d0   0.00000000d0   0.00000000d0   0.00000000d0   0.00000000d0   0.00000000d0   0.00000000d0  95.01538823d0   0.00000000d0   0.00000000d0 -23.91884585d0   0.00000000d0 -23.91884585d0   0.00000000d0   0.00000000d0   0.00000000d0   0.00000000d0   0.00000000d0   0.00000000d0  95.01538823d0   0.00000000d0   0.00000000d0 -23.91884585d0   0.00000000d0 -23.91884585d0
-620.58220402d0   0.00000000d0   0.00000000d0  -5.26740648d0   0.00000000d0  -5.26740648d0   0.00000000d0   0.00000000d0   0.00000000d0   0.00000000d0   0.00000000d0   0.00000000d0   0.00000000d0   0.00000000d0   0.00000000d0   0.00000000d0   0.00000000d0   0.00000000d0   0.00000000d0   0.00000000d0   0.00000000d0   0.00000000d0   0.00000000d0   0.00000000d0   0.00000000d0   0.00000000d0   0.00000000d0   0.00000000d0   0.00000000d0   0.00000000d0   0.00000000d0   0.00000000d0   0.00000000d0   0.00000000d0   0.00000000d0   0.00000000d0 -37.42376981d0   0.00000000d0   0.00000000d0   9.30420092d0   0.00000000d0   9.30420092d0   0.00000000d0   0.00000000d0   0.00000000d0   0.00000000d0   0.00000000d0   0.00000000d0   0.00000000d0   0.00000000d0   0.00000000d0   0.00000000d0   0.00000000d0   0.00000000d0   0.00000000d0   0.00000000d0   0.00000000d0   0.00000000d0   0.00000000d0   0.00000000d0   0.00000000d0   0.00000000d0   0.00000000d0   0.00000000d0   0.00000000d0   0.00000000d0   0.00000000d0   0.00000000d0   0.00000000d0   0.00000000d0   0.00000000d0   0.00000000d0 -37.42376981d0   0.00000000d0   0.00000000d0   9.30420092d0   0.00000000d0   9.30420092d0   0.00000000d0   0.00000000d0   0.00000000d0   0.00000000d0   0.00000000d0   0.00000000d0   0.00000000d0   0.00000000d0   0.00000000d0   0.00000000d0   0.00000000d0   0.00000000d0
 46.52457151d0   0.00000000d0   0.00000000d0 -28.67737165d0   0.00000000d0 -28.67737165d0   0.00000000d0   0.00000000d0   0.00000000d0   0.00000000d0   0.00000000d0   0.00000000d0   0.00000000d0   0.00000000d0   0.00000000d0   0.00000000d0   0.00000000d0   0.00000000d0   0.00000000d0   0.00000000d0   0.00000000d0   0.00000000d0   0.00000000d0   0.00000000d0   0.00000000d0   0.00000000d0   0.00000000d0   0.00000000d0   0.00000000d0   0.00000000d0   0.00000000d0   0.00000000d0   0.00000000d0   0.00000000d0   0.00000000d0   0.00000000d0 -79.22875205d0   0.00000000d0   0.00000000d0  19.45862476d0   0.00000000d0  19.45862476d0   0.00000000d0   0.00000000d0   0.00000000d0   0.00000000d0   0.00000000d0   0.00000000d0   0.00000000d0   0.00000000d0   0.00000000d0   0.00000000d0   0.00000000d0   0.00000000d0   0.00000000d0   0.00000000d0   0.00000000d0   0.00000000d0   0.00000000d0   0.00000000d0   0.00000000d0   0.00000000d0   0.00000000d0   0.00000000d0   0.00000000d0   0.00000000d0   0.00000000d0   0.00000000d0   0.00000000d0   0.00000000d0   0.00000000d0   0.00000000d0 -79.22875205d0   0.00000000d0   0.00000000d0  19.45862476d0   0.00000000d0  19.45862476d0   0.00000000d0   0.00000000d0   0.00000000d0   0.00000000d0   0.00000000d0   0.00000000d0   0.00000000d0   0.00000000d0   0.00000000d0   0.00000000d0   0.00000000d0   0.00000000d0
-937.65139589d0   0.00000000d0   0.00000000d0 3758.30684690d0   0.00000000d0 3758.30684690d0   0.00000000d0   0.00000000d0   0.00000000d0   0.00000000d0   0.00000000d0   0.00000000d0   0.00000000d0   0.00000000d0   0.00000000d0   0.00000000d0   0.00000000d0   0.00000000d0   0.00000000d0   0.00000000d0   0.00000000d0   0.00000000d0   0.00000000d0   0.00000000d0   0.00000000d0   0.00000000d0   0.00000000d0   0.00000000d0   0.00000000d0   0.00000000d0   0.00000000d0   0.00000000d0   0.00000000d0   0.00000000d0   0.00000000d0   0.00000000d0   0.00000000d0   0.00000000d0   0.00000000d0   0.00000000d0   0.00000000d0   0.00000000d0   0.00000000d0   0.00000000d0   0.00000000d0   0.00000000d0   0.00000000d0   0.00000000d0 2696.71426115d0   0.00000000d0   0.00000000d0 -458.10046429d0   0.00000000d0 -458.10046429d0   0.00000000d0   0.00000000d0   0.00000000d0   0.00000000d0   0.00000000d0   0.00000000d0   0.00000000d0   0.00000000d0   0.00000000d0   0.00000000d0   0.00000000d0   0.00000000d0   0.00000000d0   0.00000000d0   0.00000000d0   0.00000000d0   0.00000000d0   0.00000000d0   0.00000000d0   0.00000000d0   0.00000000d0   0.00000000d0   0.00000000d0   0.00000000d0   0.00000000d0   0.00000000d0   0.00000000d0   0.00000000d0   0.00000000d0   0.00000000d0   0.00000000d0   0.00000000d0   0.00000000d0   0.00000000d0   0.00000000d0   0.00000000d0   0.00000000d0   0.00000000d0   0.00000000d0   0.00000000d0   0.00000000d0   0.00000000d0 2696.71426115d0   0.00000000d0   0.00000000d0 -458.10046429d0   0.00000000d0 -458.10046429d0   0.00000000d0   0.00000000d0   0.00000000d0   0.00000000d0   0.00000000d0   0.00000000d0   0.00000000d0   0.00000000d0   0.00000000d0   0.00000000d0   0.00000000d0   0.00000000d0   0.00000000d0   0.00000000d0   0.00000000d0   0.00000000d0   0.00000000d0   0.00000000d0   0.00000000d0   0.00000000d0   0.00000000d0   0.00000000d0   0.00000000d0   0.00000000d0
-4532.06228340d0   0.00000000d0   0.00000000d0   4.28544886d0   0.00000000d0   4.28544886d0   0.00000000d0   0.00000000d0   0.00000000d0   0.00000000d0   0.00000000d0   0.00000000d0   0.00000000d0   0.00000000d0   0.00000000d0   0.00000000d0   0.00000000d0   0.00000000d0   0.00000000d0   0.00000000d0   0.00000000d0   0.00000000d0   0.00000000d0   0.00000000d0   0.00000000d0   0.00000000d0   0.00000000d0   0.00000000d0   0.00000000d0   0.00000000d0   0.00000000d0   0.00000000d0   0.00000000d0   0.00000000d0   0.00000000d0   0.00000000d0   0.00000000d0   0.00000000d0   0.00000000d0   0.00000000d0   0.00000000d0   0.00000000d0   0.00000000d0   0.00000000d0   0.00000000d0   0.00000000d0   0.00000000d0   0.00000000d0 1186.23778969d0   0.00000000d0   0.00000000d0 448.63747789d0   0.00000000d0 448.63747789d0   0.00000000d0   0.00000000d0   0.00000000d0   0.00000000d0   0.00000000d0   0.00000000d0   0.00000000d0   0.00000000d0   0.00000000d0   0.00000000d0   0.00000000d0   0.00000000d0   0.00000000d0   0.00000000d0   0.00000000d0   0.00000000d0   0.00000000d0   0.00000000d0   0.00000000d0   0.00000000d0   0.00000000d0   0.00000000d0   0.00000000d0   0.00000000d0   0.00000000d0   0.00000000d0   0.00000000d0   0.00000000d0   0.00000000d0   0.00000000d0   0.00000000d0   0.00000000d0   0.00000000d0   0.00000000d0   0.00000000d0   0.00000000d0   0.00000000d0   0.00000000d0   0.00000000d0   0.00000000d0   0.00000000d0   0.00000000d0 1186.23778969d0   0.00000000d0   0.00000000d0 448.63747789d0   0.00000000d0 448.63747789d0   0.00000000d0   0.00000000d0   0.00000000d0   0.00000000d0   0.00000000d0   0.00000000d0   0.00000000d0   0.00000000d0   0.00000000d0   0.00000000d0   0.00000000d0   0.00000000d0   0.00000000d0   0.00000000d0   0.00000000d0   0.00000000d0   0.00000000d0   0.00000000d0   0.00000000d0   0.00000000d0   0.00000000d0   0.00000000d0   0.00000000d0   0.00000000d0
11416.62415707d0   0.00000000d0   0.00000000d0 -5894.09980169d0   0.00000000d0 -5894.09980169d0   0.00000000d0   0.00000000d0   0.00000000d0   0.00000000d0   0.00000000d0   0.00000000d0   0.00000000d0   0.00000000d0   0.00000000d0   0.00000000d0   0.00000000d0   0.00000000d0   0.00000000d0   0.00000000d0   0.00000000d0   0.00000000d0   0.00000000d0   0.00000000d0   0.00000000d0   0.00000000d0   0.00000000d0   0.00000000d0   0.00000000d0   0.00000000d0 3897.25838856d0   0.00000000d0   0.00000000d0 -1675.51762947d0   0.00000000d0 -1675.51762947d0   0.00000000d0   0.00000000d0   0.00000000d0   0.00000000d0   0.00000000d0   0.00000000d0   0.00000000d0   0.00000000d0   0.00000000d0   0.00000000d0   0.00000000d0   0.00000000d0   0.00000000d0   0.00000000d0   0.00000000d0   0.00000000d0   0.00000000d0   0.00000000d0 3897.25838856d0   0.00000000d0   0.00000000d0 -1675.51762947d0   0.00000000d0 -1675.51762947d0   0.00000000d0   0.00000000d0   0.00000000d0   0.00000000d0   0.00000000d0   0.00000000d0   0.00000000d0   0.00000000d0   0.00000000d0   0.00000000d0   0.00000000d0   0.00000000d0 415.36773016d0   0.00000000d0   0.00000000d0 -1439.08955862d0   0.00000000d0 -1439.08955862d0   0.00000000d0   0.00000000d0   0.00000000d0   0.00000000d0   0.00000000d0   0.00000000d0 415.36773016d0   0.00000000d0   0.00000000d0 -1439.08955862d0   0.00000000d0 -1439.08955862d0
8847.06075036d0   0.00000000d0   0.00000000d0 -865.64369089d0   0.00000000d0 -865.64369089d0   0.00000000d0   0.00000000d0   0.00000000d0   0.00000000d0   0.00000000d0   0.00000000d0   0.00000000d0   0.00000000d0   0.00000000d0   0.00000000d0   0.00000000d0   0.00000000d0   0.00000000d0   0.00000000d0   0.00000000d0   0.00000000d0   0.00000000d0   0.00000000d0   0.00000000d0   0.00000000d0   0.00000000d0   0.00000000d0   0.00000000d0   0.00000000d0 472.86504007d0   0.00000000d0   0.00000000d0 -824.24433867d0   0.00000000d0 -824.24433867d0   0.00000000d0   0.00000000d0   0.00000000d0   0.00000000d0   0.00000000d0   0.00000000d0   0.00000000d0   0.00000000d0   0.00000000d0   0.00000000d0   0.00000000d0   0.00000000d0   0.00000000d0   0.00000000d0   0.00000000d0   0.00000000d0   0.00000000d0   0.00000000d0 472.86504007d0   0.00000000d0   0.00000000d0 -824.24433867d0   0.00000000d0 -824.24433867d0   0.00000000d0   0.00000000d0   0.00000000d0   0.00000000d0   0.00000000d0   0.00000000d0   0.00000000d0   0.00000000d0   0.00000000d0   0.00000000d0   0.00000000d0   0.00000000d0 -5790.21410443d0   0.00000000d0   0.00000000d0 6214.26228101d0   0.00000000d0 6214.26228101d0   0.00000000d0   0.00000000d0   0.00000000d0   0.00000000d0   0.00000000d0   0.00000000d0 -5790.21410443d0   0.00000000d0   0.00000000d0 6214.26228101d0   0.00000000d0 6214.26228101d0
1210.75970763d0   0.00000000d0   0.00000000d0   0.00000000d0   0.00000000d0   0.00000000d0 -2974.75581917d0   0.00000000d0   0.00000000d0   0.00000000d0   0.00000000d0   0.00000000d0 -2974.75581917d0   0.00000000d0   0.00000000d0   0.00000000d0   0.00000000d0   0.00000000d0   0.00000000d0   0.00000000d0   0.00000000d0   0.00000000d0   0.00000000d0   0.00000000d0   0.00000000d0   0.00000000d0   0.00000000d0   0.00000000d0   0.00000000d0   0.00000000d0   0.00000000d0   0.00000000d0   0.00000000d0   0.00000000d0   0.00000000d0   0.00000000d0   0.00000000d0   0.00000000d0   0.00000000d0   0.00000000d0   0.00000000d0   0.00000000d0   0.00000000d0   0.00000000d0   0.00000000d0   0.00000000d0   0.00000000d0   0.00000000d0   0.00000000d0   0.00000000d0   0.00000000d0   0.00000000d0   0.00000000d0   0.00000000d0   0.00000000d0   0.00000000d0   0.00000000d0   0.00000000d0   0.00000000d0   0.00000000d0   0.00000000d0   0.00000000d0   0.00000000d0   0.00000000d0   0.00000000d0   0.00000000d0   0.00000000d0   0.00000000d0   0.00000000d0   0.00000000d0   0.00000000d0   0.00000000d0   0.00000000d0   0.00000000d0   0.00000000d0   0.00000000d0   0.00000000d0   0.00000000d0   0.00000000d0   0.00000000d0   0.00000000d0   0.00000000d0   0.00000000d0   0.00000000d0   0.00000000d0   0.00000000d0   0.00000000d0   0.00000000d0   0.00000000d0   0.00000000d0 2701.07499080d0   0.00000000d0   0.00000000d0   0.00000000d0   0.00000000d0   0.00000000d0 -160.42704595d0   0.00000000d0   0.00000000d0   0.00000000d0   0.00000000d0   0.00000000d0 -160.42704595d0   0.00000000d0   0.00000000d0   0.00000000d0   0.00000000d0   0.00000000d0   0.00000000d0   0.00000000d0   0.00000000d0   0.00000000d0   0.00000000d0   0.00000000d0   0.00000000d0   0.00000000d0   0.00000000d0   0.00000000d0   0.00000000d0   0.00000000d0   0.00000000d0   0.00000000d0   0.00000000d0   0.00000000d0   0.00000000d0   0.00000000d0   0.00000000d0   0.00000000d0   0.00000000d0   0.00000000d0   0.00000000d0   0.00000000d0   0.00000000d0   0.00000000d0   0.00000000d0   0.00000000d0   0.00000000d0   0.00000000d0   0.00000000d0   0.00000000d0   0.00000000d0   0.00000000d0   0.00000000d0   0.00000000d0   0.00000000d0   0.00000000d0   0.00000000d0   0.00000000d0   0.00000000d0   0.00000000d0   0.00000000d0   0.00000000d0   0.00000000d0   0.00000000d0   0.00000000d0   0.00000000d0   0.00000000d0   0.00000000d0   0.00000000d0   0.00000000d0   0.00000000d0   0.00000000d0   0.00000000d0   0.00000000d0   0.00000000d0   0.00000000d0   0.00000000d0   0.00000000d0   0.00000000d0   0.00000000d0   0.00000000d0   0.00000000d0   0.00000000d0   0.00000000d0   0.00000000d0   0.00000000d0   0.00000000d0   0.00000000d0   0.00000000d0   0.00000000d0 2701.07499080d0   0.00000000d0   0.00000000d0   0.00000000d0   0.00000000d0   0.00000000d0 -160.42704595d0   0.00000000d0   0.00000000d0   0.00000000d0   0.00000000d0   0.00000000d0 -160.42704595d0   0.00000000d0   0.00000000d0   0.00000000d0   0.00000000d0   0.00000000d0   0.00000000d0   0.00000000d0   0.00000000d0   0.00000000d0   0.00000000d0   0.00000000d0   0.00000000d0   0.00000000d0   0.00000000d0   0.00000000d0   0.00000000d0   0.00000000d0   0.00000000d0   0.00000000d0   0.00000000d0   0.00000000d0   0.00000000d0   0.00000000d0   0.00000000d0   0.00000000d0   0.00000000d0   0.00000000d0   0.00000000d0   0.00000000d0   0.00000000d0   0.00000000d0   0.00000000d0
